0 0.4 28.46697998046875 47.381403801734386 110.533935546875 1.031982421875 0 0
10 0.8 1.226776123046875 0.1875722840173079 110.533935546875 0.858154296875 28.46697998046875 4
20 1.3 1.37890625 0.7803803283744886 110.533935546875 0.858154296875 10.306844075520834 12
30 1.7 1.2083812040441178 0.14099312557007898 110.533935546875 0.858154296875 5.66431640625 25
40 3.4 1.3144100413602942 0.5374946508865103 110.533935546875 0.858154296875 3.8607235863095237 42
50 5.7 1.2286141378837723 0.3195703479510903 110.533935546875 0.858154296875 2.721583316200658 76
60 1.9 1.702598170230263 2.2130824325212317 110.533935546875 0.858154296875 2.081739382636278 133
70 0 0 0 110.533935546875 0.858154296875 2.034346731085526 152
80 0 0 0 110.533935546875 0.858154296875 2.034346731085526 152
88 0 0 0 110.533935546875 0.858154296875 2.034346731085526 152
