0 0.1 14.959661928543987 0 14.959661928543987 14.959661928543987 0 0
10 0.1 2.357563850687623 0.0 14.959661928543987 2.357563850687623 14.959661928543987 1
20 0.1 1.673228346456693 0.0 14.959661928543987 1.673228346456693 8.658612889615805 2
30 0.1 1.288404360753221 0.0 14.959661928543987 1.288404360753221 6.330151375229434 3
40 0.1 2.156862745098039 0.0 14.959661928543987 1.288404360753221 5.06971462161038 4
50 0.1 2.3692003948667324 0.0 14.959661928543987 1.288404360753221 4.487144246307912 5
60 0.1 3.1589338598223096 0.0 14.959661928543987 1.288404360753221 4.134153604401049 6
70 0.1 1.4851485148514851 0.0 14.959661928543987 1.288404360753221 3.994836498032657 7
80 0.1 1.2845849802371543 0.0 14.959661928543987 1.2845849802371543 3.6811255001350105 8
88 0.1 1.3847675568743818 0.0 14.959661928543987 1.2845849802371543 3.41484322014636 9
