0 0.1 3066.74609375 0 3066.74609375 3066.74609375 0 0
10 0.1 3065.5859375 0.0 3066.74609375 3065.5859375 3066.74609375 1
20 0.1 3064.015625 0.0 3066.74609375 3064.015625 3066.166015625 2
30 0.1 3063.37890625 0.0 3066.74609375 3063.37890625 3065.44921875 3
40 0.1 3062.8984375 0.0 3066.74609375 3062.8984375 3064.931640625 4
50 0.1 3060.8046875 0.0 3066.74609375 3060.8046875 3064.525 5
60 0.1 3057.76171875 0.0 3066.74609375 3057.76171875 3063.9049479166665 6
70 0.1 3056.31640625 0.0 3066.74609375 3056.31640625 3063.02734375 7
80 0.1 3055.11328125 0.0 3066.74609375 3055.11328125 3062.1884765625 8
88 0.1 3054.26171875 0.0 3066.74609375 3054.26171875 3061.40234375 9
