0 0.3 3248.8270670572915 1388.5946377614314 4780.455078125 1418.64501953125 0 0
10 0.4 6767.331237792969 2622.1273367277536 11077.10302734375 1418.64501953125 3248.8270670572915 3
20 1.1 3801.002263849432 2111.7163726557833 11077.10302734375 1391.093994140625 5259.40087890625 7
30 1.6 6654.246109008789 3656.684853594853 15136.72509765625 1391.093994140625 4368.157280815973 18
40 0.8 5903.217529296875 2847.2519830712054 15136.72509765625 1318.902099609375 5443.963788200827 34
50 2 11580.990356445313 3617.883613294677 21341.60888671875 1318.902099609375 5531.440691266741 42
60 1.9 17071.949013157893 2781.7804326645773 23055.8681640625 1318.902099609375 7482.9083251953125 62
70 1.1 24619.095259232956 2601.3488706210164 32300.3701171875 1318.902099609375 9732.189474223573 81
80 5.6 26124.003989083427 2352.687840898754 32300.3701171875 1318.902099609375 11512.145600692085 92
88 0.4 33710.52429199219 1837.7768035789445 35812.0810546875 1318.902099609375 17040.956882786108 148
