0 0.3 29.717122395833332 27.915114444309637 69.193115234375 9.64013671875 0 0
10 0.6 10.654622395833334 3.2110813064321304 69.193115234375 8.48583984375 29.717122395833332 3
20 1.3 67.49746469350961 110.70824498705511 327.2939453125 8.48583984375 17.0087890625 9
30 1.6 162.2189178466797 190.54136350722132 622.451904296875 8.48583984375 46.84300648082387 22
40 1.2 312.51064046223956 477.92947109441957 1636.30810546875 8.48583984375 95.42233758223684 38
50 2.9 2025.200649919181 622.5261289527987 2900.845947265625 8.48583984375 147.5235302734375 50
60 1.6 5034.610137939453 1005.3231226913466 6420.7919921875 8.48583984375 836.7974096370649 79
70 1.9 8607.705180921053 1311.3619521877845 11943.494873046875 8.48583984375 1543.7974480879934 95
80 3.8 5413.5919767680925 2745.007179584636 11943.494873046875 8.48583984375 2721.11540356017 114
88 0 0 0 11943.494873046875 8.48583984375 3394.2345468621506 152
