0 0.3 59.848958333333336 20.740763263293587 86.804931640625 36.35595703125 0 0
10 0.3 48.396647135416664 9.218139245299312 86.804931640625 36.35595703125 59.848958333333336 3
20 1.2 212.2592976888021 275.6383945410679 835.527099609375 36.35595703125 54.122802734375 6
30 1.5 261.5469889322917 328.5302448154019 1213.35302734375 36.35595703125 159.54713270399304 18
40 0.9 515.7256130642361 743.999754358051 2223.858154296875 36.35595703125 205.91070371685606 33
50 2 2648.423059082031 600.2598871239553 3705.6669921875 36.35595703125 272.2996128627232 42
60 1.9 5631.1563527960525 887.4766740780249 6969.6328125 36.35595703125 1038.791047127016 62
70 1.1 9432.613481001421 474.2218024409164 10125.203125 36.35595703125 2116.012538580247 81
80 5.6 2222.0107203892303 2821.4910694027276 10125.203125 36.35595703125 2990.8235208262568 92
88 0.4 50.487060546875 14.13871267781573 10125.203125 36.35595703125 2699.9213801203546 148
