0 0.3 316.90234375 12.680474000529019 334.828125 307.501953125 0 0
10 0.6 307.2067057291667 6.8376523563272675 334.828125 298.42822265625 316.90234375 3
20 1.3 407.04064002403845 127.42605211879598 637.4560546875 298.42822265625 310.43858506944446 9
30 1.6 557.6032409667969 237.93331807126273 1193.119140625 298.42822265625 367.5216175426136 22
40 1.9 969.2354158100329 649.386680365587 1978.109130859375 298.42822265625 447.5559853001645 38
50 2.6 2392.6317983774043 659.4758953703888 3183.77099609375 298.42822265625 621.449128803454 57
60 2.8 4679.389866420201 1130.257101932878 6144.18994140625 298.42822265625 1176.277434935053 83
70 3.2 8378.819107055664 989.6541112623778 12145.501953125 298.42822265625 2059.945435670045 111
80 0.9 7253.62868923611 2208.675522172075 12145.501953125 298.42822265625 3473.959124371722 143
88 0 0 0 12145.501953125 298.42822265625 3697.7553486071133 152
