0 0.7 21.635602678571427 48.268435045972936 139.824951171875 1.234130859375 0 0
10 2.3 1.372696586277174 0.19100491473229494 139.824951171875 1.141845703125 21.635602678571427 7
20 2.9 1.230889682112069 0.14349549992556515 139.824951171875 0.863037109375 6.1007080078125 30
30 8.1 1.1785722897376545 0.1493799972184591 139.824951171875 0.863037109375 3.7070684917902543 59
40 12.6 1.4414120628720242 1.9713539508110574 139.824951171875 0.863037109375 2.24415283203125 140
50 25.1 1.540383388321713 2.1488144077028473 139.824951171875 0.863037109375 1.8639072045347747 266
60 50.7 1.142914239706606 1.2019747581641431 139.824951171875 0.791015625 1.7068385819632494 517
70 18 1.1905504014756945 0.2984361719511598 139.824951171875 0.791015625 1.4276299476623528 1024
80 0 0 0 139.824951171875 0.791015625 1.3921861616876032 1204
90 0 0 0 139.824951171875 0.791015625 1.3921861616876032 1204
100 0 0 0 139.824951171875 0.791015625 1.3921861616876032 1204
110 0 0 0 139.824951171875 0.791015625 1.3921861616876032 1204
120 0 0 0 139.824951171875 0.791015625 1.3921861616876032 1204
130 0 0 0 139.824951171875 0.791015625 1.3921861616876032 1204
133 0 0 0 139.824951171875 0.791015625 1.3921861616876032 1204
