10 0.1 210 0 210 210 0 0
20 0.1 266.0 0.0 266 210 210.0 1
30 0.1 450.0 0.0 450 210 238.0 2
40 0.1 970.0 0.0 970 210 308.6666666666667 3
50 0.1 1444.0 0.0 1444 210 474.0 4
60 0.1 2314.0 0.0 2314 210 668.0 5
70 0.1 3480.0 0.0 3480 210 942.3333333333334 6
80 0.1 1986.0 0.0 3480 210 1304.857142857143 7
90 0.1 1592.0 0.0 3480 210 1390.0 8
100 0.1 719.0 0.0 3480 210 1412.4444444444443 9
110 0.1 714.0 0.0 3480 210 1343.1 10
120 0.1 606.0 0.0 3480 210 1285.909090909091 11
130 0.1 609.0 0.0 3480 210 1229.25 12
133 0.1 621.0 0.0 3480 210 1181.5384615384614 13
