0 0.6 1763.8636067708333 1416.1831476195093 4831.7939453125 837.40380859375 0 0
10 1.9 2558.624691611842 1825.4524615185328 5914.68310546875 322.462158203125 1763.8636067708333 6
20 2.8 3056.5125209263388 3335.674484044042 14325.820068359375 290.52587890625 2367.88203125 25
30 5.4 2399.514155635127 1868.113016421405 14325.820068359375 266.56396484375 2731.6868182488206 53
40 9.3 3555.8514023647513 2482.1510717159904 14325.820068359375 266.56396484375 2564.048278238172 107
50 9.9 6199.388861762152 2437.103050285828 14752.044921875 266.56396484375 3025.2367309570313 200
60 10.8 10723.883271393952 2852.608659108466 19338.717041015625 266.56396484375 4076.2101789493627 299
70 9.8 17272.450110610647 2533.3552796994722 24712.5859375 266.56396484375 5840.211884069794 407
80 9.9 24184.5446826665 3114.4145765360936 33344.39599609375 266.56396484375 8058.745242883663 505
90 11.2 32024.459051949638 3054.7669135892697 41703.827880859375 266.56396484375 10701.88124377522 604
100 11.7 39519.383494841735 2555.262869298789 45328.921142578125 266.56396484375 14037.256543377924 716
110 11.8 47484.74146335407 2734.3348328061843 57451.202880859375 266.56396484375 17616.3788162726 833
120 11.6 55537.612350990035 2770.4846457477615 61917.89697265625 266.56396484375 21322.442740936756 951
130 11.7 64140.15856620593 3123.0509545754726 73786.748046875 266.56396484375 25042.180018130926 1067
133 2 69491.68635253907 1081.5936498828237 73786.748046875 266.56396484375 28905.74715506064 1184
