0 1 193.24970703125 159.3144191526005 418.531982421875 10.428955078125 0 0
10 1.7 135.66641773897058 139.2881572669907 418.531982421875 8.97412109375 193.24970703125 10
20 3.8 271.09434750205594 244.27998390499232 835.414794921875 8.97412109375 156.9935619212963 27
30 4.8 382.9179229736328 391.93258717657335 1555.7119140625 8.97412109375 223.6986365685096 65
40 4.7 487.35028985206117 673.3075503397068 3044.283935546875 8.747802734375 291.3316077848451 113
50 9.7 2898.4241553237757 1111.4666454937158 5684.873046875 8.747802734375 348.91209564208987 160
60 7.1 5773.294884050398 1843.546272122042 10742.552001953125 8.747802734375 1311.1792932651385 257
70 3 12636.202506510417 2784.343185764833 17227.85888671875 8.747802734375 2277.064070538777 328
80 9.4 6816.094344768115 6320.469495353228 17227.85888671875 8.747802734375 3145.148297016847 358
88 0.4 50.35772705078125 14.132222852721316 17227.85888671875 8.747802734375 3908.57512995627 452
