0 1.3 148.6220703125 147.1427890074301 418.531982421875 9.533935546875 0 0
10 2.3 100.24697477921195 127.22265034377722 418.531982421875 8.39208984375 148.6220703125 13
20 5.1 201.9662415747549 214.8203917672061 835.414794921875 8.39208984375 117.71575927734375 36
30 6.4 287.1634941101074 292.1764614896756 1213.245849609375 8.39208984375 167.10397303789512 87
40 6.6 532.2961758700284 654.5702620444878 2223.583984375 8.39208984375 217.99012766452816 151
50 12.3 2287.2568359375005 671.4459031234845 3705.546875 8.39208984375 313.58551559799827 217
60 9.9 4913.541385535036 1090.1107089895168 6969.41015625 8.39208984375 1027.5901403090534 340
70 6.2 8635.794146137852 1104.248665357685 12145.385986328125 8.39208984375 1903.9208311458922 439
80 10.3 3839.0163052753337 3299.911012889747 12145.385986328125 8.39208984375 2737.0069499672527 501
88 0.4 50.35772705078125 14.132222852721316 12145.385986328125 8.39208984375 2924.9323863856835 604
