0 0.6 21.931355794270832 46.285476102984845 125.42822265625 0.908935546875 0 0
10 0.5 1.22275390625 0.201914693986758 125.42822265625 0.908935546875 21.931355794270832 6
20 1.3 1.4953801081730769 0.9010181857336839 125.42822265625 0.908935546875 12.518354936079545 11
30 1.5 1.1874674479166667 0.17747528680204827 125.42822265625 0.908935546875 6.547576904296875 24
40 2.8 1.3281424386160714 0.5461977012040269 125.42822265625 0.908935546875 4.485996344150641 39
50 8.7 1.2677464978448278 0.8847350049192407 125.42822265625 0.7939453125 3.166296204524254 67
60 1.1 1.1440651633522727 0.14207819127935142 125.42822265625 0.7939453125 2.093738902698864 154
70 0 0 0 125.42822265625 0.7939453125 2.0304273200757583 165
80 0 0 0 125.42822265625 0.7939453125 2.0304273200757583 165
90 0 0 0 125.42822265625 0.7939453125 2.0304273200757583 165
100 0 0 0 125.42822265625 0.7939453125 2.0304273200757583 165
110 0 0 0 125.42822265625 0.7939453125 2.0304273200757583 165
120 0 0 0 125.42822265625 0.7939453125 2.0304273200757583 165
130 0 0 0 125.42822265625 0.7939453125 2.0304273200757583 165
140 0 0 0 125.42822265625 0.7939453125 2.0304273200757583 165
150 0 0 0 125.42822265625 0.7939453125 2.0304273200757583 165
160 0 0 0 125.42822265625 0.7939453125 2.0304273200757583 165
170 0 0 0 125.42822265625 0.7939453125 2.0304273200757583 165
172 0 0 0 125.42822265625 0.7939453125 2.0304273200757583 165
