0 0.1 13.291461739554256 0 13.291461739554256 13.291461739554256 0 0
10 0.1 2.2549019607843137 0.0 13.291461739554256 2.2549019607843137 13.291461739554256 1
20 0.1 1.188118811881188 0.0 13.291461739554256 1.188118811881188 7.773181850169285 2
30 0.1 1.5794669299111548 0.0 13.291461739554256 1.188118811881188 5.578160837406586 3
40 0.1 1.8737672583826428 0.0 13.291461739554256 1.188118811881188 4.578487360532729 4
50 0.1 2.284011916583913 0.0 13.291461739554256 1.188118811881188 4.037543340102712 5
60 0.1 3.6417322834645667 0.0 13.291461739554256 1.188118811881188 3.7452881028495786 6
70 0.1 1.6798418972332017 0.0 13.291461739554256 1.188118811881188 3.7304944143660057 7
80 0.1 1.185770750988142 0.0 13.291461739554256 1.185770750988142 3.4741628497244053 8
90 0.1 1.2845849802371543 0.0 13.291461739554256 1.185770750988142 3.2198970609759314 9
100 0.1 1.6848364717542121 0.0 13.291461739554256 1.185770750988142 3.026365852902054 10
110 0.1 1.7839444995044598 0.0 13.291461739554256 1.185770750988142 2.904408636434068 11
120 0.1 1.671583087512291 0.0 13.291461739554256 1.185770750988142 2.811036625023267 12
130 0.1 1.2845849802371543 0.0 13.291461739554256 1.185770750988142 2.723386352907038 13
140 0.1 1.5794669299111548 0.0 13.291461739554256 1.185770750988142 2.6206148262877607 14
150 0.1 1.7786561264822136 0.0 13.291461739554256 1.185770750988142 2.5512049665293204 15
160 0.1 2.366863905325444 0.0 13.291461739554256 1.185770750988142 2.502920664026376 16
170 0.1 1.1822660098522169 0.0 13.291461739554256 1.1822660098522169 2.4949173252792627 17
