0 0.1 3065.796875 0 3065.796875 3065.796875 0 0
10 0.1 3065.05859375 0.0 3065.796875 3065.05859375 3065.796875 1
20 0.1 3063.859375 0.0 3065.796875 3063.859375 3065.427734375 2
30 0.1 3063.26171875 0.0 3065.796875 3063.26171875 3064.9049479166665 3
40 0.1 3060.61328125 0.0 3065.796875 3060.61328125 3064.494140625 4
50 0.1 3056.4765625 0.0 3065.796875 3056.4765625 3063.71796875 5
60 0.1 3050.23046875 0.0 3065.796875 3050.23046875 3062.5110677083335 6
70 0.1 3043.95703125 0.0 3065.796875 3043.95703125 3060.7566964285716 7
80 0.1 3041.66796875 0.0 3065.796875 3041.66796875 3058.65673828125 8
90 0.1 3038.76953125 0.0 3065.796875 3038.76953125 3056.769097222222 9
100 0.1 3035.6328125 0.0 3065.796875 3035.6328125 3054.969140625 10
110 0.1 3032.5 0.0 3065.796875 3032.5 3053.2112926136365 11
120 0.1 3030.6953125 0.0 3065.796875 3030.6953125 3051.4853515625 12
130 0.1 3029.37109375 0.0 3065.796875 3029.37109375 3049.8861177884614 13
140 0.1 3027.2109375 0.0 3065.796875 3027.2109375 3048.4207589285716 14
150 0.1 3022.1328125 0.0 3065.796875 3022.1328125 3047.006770833333 15
160 0.1 3026.3046875 0.0 3065.796875 3022.1328125 3045.4521484375 16
170 0.1 3032.6171875 0.0 3065.796875 3022.1328125 3044.3258272058824 17
