0 1.1 313.40553977272725 330.7213075126495 954.118896484375 11.631103515625 0 0
10 3.6 429.96205647786456 562.1030145921706 1950.0888671875 11.631103515625 313.40553977272725 11
20 4.5 262.7443467881944 267.17337944715246 1950.0888671875 10.7568359375 402.6828717170878 47
30 4.9 1033.6699916294642 852.664576119198 2898.030029296875 10.7568359375 334.2346801757812 92
40 6.8 2187.6129976160387 1088.2443147727965 4575.035888671875 10.7568359375 577.3008522412456 141
50 7.3 4233.861799684289 1825.0349370259378 10553.330078125 10.7568359375 1101.230162698116 209
60 7.1 8598.567138671875 2420.928539917504 17191.868896484375 10.7568359375 1912.1596290101393 282
70 3.9 15510.725704877805 4567.524300477111 22263.491943359375 10.7568359375 3257.017796675814 353
80 1.5 26192.86590169271 3128.8904924331428 29597.125 10.7568359375 4476.136695706115 392
90 9 29352.538899739582 3743.4096756952845 38388.2548828125 10.7568359375 5276.507550963605 407
100 7.7 17488.273405793425 8542.870041807553 38388.2548828125 10.7568359375 9636.352262009557 497
110 4.1 14430.618836937881 2743.8134699819666 38388.2548828125 10.7568359375 10689.658756907393 574
120 4.6 20814.969519573708 2795.935222225538 38388.2548828125 10.7568359375 10939.056095576092 615
130 6.8 22821.79439051011 4501.408327172746 38388.2548828125 10.7568359375 11626.336001028272 661
140 8 17251.21482543945 4493.18308468212 38388.2548828125 10.7568359375 12670.631159443587 729
150 15.6 7102.694317157453 5002.623788830258 38388.2548828125 10.7568359375 13123.59369749015 809
160 2.3 481.10353685461956 682.4157591661655 38388.2548828125 8.65380859375 12150.266958286107 965
170 0.2 24.1485595703125 0.6175537109375 38388.2548828125 8.65380859375 11878.616392807438 988
172 0 0 0 38388.2548828125 8.65380859375 11854.667972942314 990
