10 0.1 105 0 105 105 0 0
20 0.1 259.0 0.0 259 105 105.0 1
30 0.1 304.0 0.0 304 105 182.0 2
40 0.1 374.0 0.0 374 105 222.66666666666666 3
50 0.1 732.0 0.0 732 105 260.5 4
60 0.1 677.0 0.0 732 105 354.8 5
70 0.1 445.0 0.0 732 105 408.5 6
80 0.1 221.0 0.0 732 105 413.7142857142857 7
90 0.1 218.0 0.0 732 105 389.625 8
100 0.1 768.0 0.0 768 105 370.55555555555554 9
110 0.1 586.0 0.0 768 105 410.3 10
120 0.1 282.0 0.0 768 105 426.27272727272725 11
130 0.1 337.0 0.0 768 105 414.25 12
140 0.1 594.0 0.0 768 105 408.3076923076923 13
150 0.1 794.0 0.0 794 105 421.57142857142856 14
160 0.1 671.0 0.0 794 105 446.4 15
170 0.1 15.0 0.0 794 15 460.4375 16
