0 1.7 202.759521484375 239.83803290670116 880.3359375 10.344970703125 0 0
10 7 221.07816336495534 350.65829447825087 1516.39306640625 8.09716796875 202.759521484375 17
20 7.7 153.52052049512986 205.19613688142488 1516.39306640625 7.781982421875 217.49865862966954 87
30 9.5 578.8837299547698 474.8813476358158 1701.212890625 7.781982421875 187.4601425543064 164
40 12.3 1368.7009356739075 702.4017688534827 3618.26904296875 7.781982421875 331.03250086721766 259
50 12 3248.5731343587236 1013.2195028163335 5819.127197265625 7.781982421875 665.150871236911 382
60 11.1 7494.784817532376 1019.1718241301011 9780.993896484375 7.781982421875 1282.7020098317666 502
70 7.8 11254.652002579123 1199.92977277814 13760.826904296875 7.781982421875 2407.565291487179 613
80 5.7 16888.980134662834 1688.7991804681321 20544.742919921875 7.781982421875 3406.2234151704956 691
90 17.5 13276.55479910714 5103.253595814983 21105.6201171875 7.781982421875 4433.652737377799 748
100 22.1 4021.646015978507 812.9422991091735 21105.6201171875 7.781982421875 6110.259303794522 923
110 9.8 7943.272924306441 1632.0482788948198 21105.6201171875 7.781982421875 5706.777191375519 1144
120 9.2 12233.721610691231 891.934818833157 21105.6201171875 7.781982421875 5883.247869175221 1242
130 12.3 10877.481246824187 1557.5769343514037 21105.6201171875 7.781982421875 6321.211575486671 1334
140 14.1 8469.396790849401 1051.0537972526752 21105.6201171875 7.781982421875 6705.852048770483 1457
150 19.2 3960.010740915936 1746.8598892049463 21105.6201171875 7.781982421875 6861.458937777446 1598
160 2.3 481.10353685461956 682.4157591661655 21105.6201171875 7.781982421875 6550.242147946491 1790
170 0.2 24.1485595703125 0.6175537109375 21105.6201171875 7.781982421875 6473.248111512341 1813
172 0 0 0 21105.6201171875 7.781982421875 6466.1416657250775 1815
