10 0.1 92 0 92 92 0 0
20 0.1 203.0 0.0 203 92 92.0 1
30 0.1 245.0 0.0 245 92 147.5 2
40 0.1 296.0 0.0 296 92 180.0 3
50 0.1 585.0 0.0 585 92 209.0 4
60 0.1 679.0 0.0 679 92 284.2 5
70 0.1 356.0 0.0 679 92 350.0 6
80 0.1 163.0 0.0 679 92 350.85714285714283 7
90 0.1 156.0 0.0 679 92 327.375 8
100 0.1 474.0 0.0 679 92 308.3333333333333 9
110 0.1 392.0 0.0 679 92 324.9 10
120 0.1 189.0 0.0 679 92 331.0 11
130 0.1 211.0 0.0 679 92 319.1666666666667 12
140 0.1 361.0 0.0 679 92 310.84615384615387 13
150 0.1 417.0 0.0 679 92 314.42857142857144 14
160 0.1 455.0 0.0 679 92 321.26666666666665 15
170 0.1 18.0 0.0 679 18 329.625 16
