10 0.5 12433.175244140624 3451.098231028222 15968.11083984375 6534.26806640625 0 0
20 0.6 12064.942464192709 4720.236507076562 18741.919921875 4771.221923828125 12433.175244140624 5
30 0.3 15127.966064453125 987.8894423553118 18741.919921875 4771.221923828125 12232.321000532671 11
40 0.8 18961.975555419922 4163.089789242738 26183.35791015625 4771.221923828125 12852.816371372768 14
50 0.2 26028.41552734375 670.5166015625 26698.93212890625 4771.221923828125 15074.32880193537 22
60 0.2 33003.57238769531 480.6114501953125 33484.183837890625 4771.221923828125 15987.169362386068 24
70 0.4 40191.55322265625 4044.9549140504823 46344.130126953125 4771.221923828125 17296.123441256008 26
80 0.1 51010.7060546875 0.0 51010.7060546875 4771.221923828125 20348.847412109375 30
90 0.3 62201.31306966146 4760.448300053853 68854.82299804688 4771.221923828125 21337.939626386087 31
100 0.5 66128.15883789063 2424.3314278819175 70808.05688476563 4771.221923828125 24943.531400792737 34
110 0.4 76828.09423828125 2112.7967106355777 80261.35302734375 4771.221923828125 30223.611841446313 39
120 0.2 83944.81091308594 1730.8619384765625 85675.6728515625 4771.221923828125 34558.91252952398 43
130 0.6 94276.18184407552 5192.776677150407 103095.46801757813 4771.221923828125 36753.84134657118 45
140 1.1 98497.9853293679 1774.6768069948976 103095.46801757813 4771.221923828125 43521.17552274816 51
150 8.7 101225.8187578574 2698.0564357469098 110395.57495117188 4771.221923828125 53275.12564972908 62
160 1.4 104632.47101702009 3213.9081112833405 110395.57495117188 4771.221923828125 81273.18135715972 149
170 0.2 119332.34350585938 2318.3974609375 121650.74096679688 4771.221923828125 83279.50071444834 163
172 0 0 0 121650.74096679688 4771.221923828125 83716.50486949575 165
