0 39.12421875 39.12421875
10 138.03828125 177.1625
20 170.5390625 347.7015625
30 196.26171875 543.96328125
40 264.04453125 808.0078125
50 265.07734375 1073.08515625
60 249.57734375 1322.6625
70 159.70625 1482.36875
80 84.73125 1567.1
90 427.703125 1994.803125
100 344.66328125 2339.46640625
110 170.02578125 2509.4921875
120 168.70078125 2678.19296875
130 276.975 2955.16796875
140 421.87265625 3377.040625
150 643.6328125 4020.6734375
160 19.5921875 4040.265625
170 1.653125 4041.91875
172 0 4041.91875
