10 0.6 95.32149251302083 74.57159726770345 217.615966796875 22.34619140625 0 0
20 0.6 82.80082194010417 117.87729309343952 345.554931640625 20.626953125 95.32149251302083 6
30 0.7 575.6568429129464 423.1514910189707 1334.48779296875 14.4150390625 89.0611572265625 12
40 0.6 779.16259765625 183.54462560328207 1334.48779296875 14.4150390625 268.333251953125 19
50 0.6 2793.338338216146 584.0562739073131 3931.01806640625 14.4150390625 390.932294921875 25
60 0.3 7635.824381510417 1008.4963364383749 9052.403076171875 14.4150390625 855.9141097530241 31
70 0.1 11522.47802734375 0.0 11522.47802734375 14.4150390625 1454.1414866727941 34
80 0.2 18423.6689453125 397.131103515625 18820.800048828125 14.4150390625 1741.8082449776787 35
90 0.2 7788.264404296875 2387.37353515625 18820.800048828125 14.4150390625 2643.530444995777 37
100 0.9 3843.9961208767363 790.3856915947508 18820.800048828125 14.4150390625 2907.3629557291665 39
110 0.4 7652.192687988281 1711.5491325650364 18820.800048828125 14.4150390625 3082.981674194336 48
120 0.7 12231.157505580357 664.5882117371127 18820.800048828125 14.4150390625 3434.4594444861777 52
130 2.8 10323.361328125 1387.0209768692669 18820.800048828125 14.4150390625 4478.135485632945 59
140 4.4 8470.596246892756 958.1687552496936 18820.800048828125 14.4150390625 6359.357595860273 87
150 3.4 4603.32421875 1381.8077066945716 18820.800048828125 14.4150390625 7068.4759213979005 131
160 0 0 0 18820.800048828125 14.4150390625 6560.505267518939 165
170 0 0 0 18820.800048828125 14.4150390625 6560.505267518939 165
172 0 0 0 18820.800048828125 14.4150390625 6560.505267518939 165
