0 0.1 232.2939453125 0 232.2939453125 232.2939453125 0 0
10 0.8 197.26724243164063 337.9406451534316 1077.551025390625 41.225830078125 232.2939453125 1
20 0.6 132.99466959635416 84.05951160396985 1077.551025390625 41.225830078125 201.15909830729166 9
30 1 701.789599609375 547.4153975680994 1461.10693359375 40.050048828125 173.89332682291666 15
40 1.2 1397.504150390625 756.0925033789579 3209.3330078125 40.050048828125 385.0518359375 25
50 0.9 3450.4299045138887 664.9240754102107 4975.443115234375 40.050048828125 713.4147487331081 37
60 0.6 7336.7995198567705 801.5361362120972 8990.673095703125 40.050048828125 1248.9177139945652 46
70 0.5 11870.46181640625 1258.1765826092535 13760.947998046875 40.050048828125 1951.3656146709736 52
80 0.7 17053.73308454241 1758.3552140480956 19491.05908203125 40.050048828125 2821.4617727179275 57
90 3.7 12645.120156777872 5048.368877639169 20989.4990234375 40.050048828125 4378.1164474487305 64
100 5.5 3879.8494140625 590.0734112565742 20989.4990234375 40.050048828125 7406.622756806931 101
110 0.9 6916.669867621527 1393.427679481941 20989.4990234375 40.050048828125 6163.20907827524 156
120 0 0 0 20989.4990234375 40.050048828125 6204.30693951231 165
130 0 0 0 20989.4990234375 40.050048828125 6204.30693951231 165
140 0 0 0 20989.4990234375 40.050048828125 6204.30693951231 165
150 0 0 0 20989.4990234375 40.050048828125 6204.30693951231 165
160 0 0 0 20989.4990234375 40.050048828125 6204.30693951231 165
170 0 0 0 20989.4990234375 40.050048828125 6204.30693951231 165
172 0 0 0 20989.4990234375 40.050048828125 6204.30693951231 165
