10 0.5 178.259765625 139.87557236066002 353.02490234375 14.68212890625 0 0
20 0.6 143.75614420572916 108.13369981989668 353.02490234375 14.68212890625 178.259765625 5
30 0.3 672.3046875 159.457012360639 896.635986328125 14.68212890625 159.4396084872159 11
40 0.8 1574.738525390625 698.7010085192226 2441.274169921875 14.68212890625 269.33926827566967 14
50 0.2 2830.8974609375 138.028564453125 2968.926025390625 14.68212890625 744.0299072265625 22
60 0.1 6559.927001953125 0.0 6559.927001953125 14.68212890625 917.935536702474 24
70 0.5 10604.2337890625 632.8154616188467 11473.0869140625 14.68212890625 1143.6151953125 25
80 0.1 16972.72998046875 0.0 16972.72998046875 14.68212890625 2720.3849609375 30
90 0.2 17269.520141601563 142.3260498046875 17411.84619140625 14.68212890625 3180.1380260836695 31
100 0.6 4369.4140218098955 894.3430973627112 17411.84619140625 14.68212890625 4034.039972478693 33
110 0.4 10105.838684082031 134.39038405496876 17411.84619140625 14.68212890625 4085.635980068109 39
120 0.2 12229.285400390625 1045.343505859375 17411.84619140625 14.68212890625 4645.65483625545 43
130 0.6 10279.311686197916 1677.159846049461 17411.84619140625 14.68212890625 4982.705083550347 45
140 1.1 7903.140869140625 1057.3025895054718 17411.84619140625 14.68212890625 5605.83527209712 51
150 7.8 3030.210580679086 1561.120492832231 17411.84619140625 14.68212890625 6013.421748991936 62
160 2.3 481.2133576766304 682.4089527097224 17411.84619140625 8.77197265625 4351.346955217634 140
170 0.2 24.2740478515625 0.6180419921875 17411.84619140625 8.77197265625 3805.254484398965 163
172 0 0 0 17411.84619140625 8.77197265625 3759.4244185014204 165
