10 0.6 707.1697998046875 481.9243219321044 1516.495849609375 299.596923828125 0 0
20 0.6 364.1127522786458 113.52889072281546 1516.495849609375 299.596923828125 707.1697998046875 6
30 0.8 876.9532775878906 415.3224997524462 1669.779052734375 299.596923828125 535.6412760416666 12
40 1 1559.467919921875 734.1189114743355 2570.987060546875 299.596923828125 672.1660766601563 20
50 0.5 2785.8587890625 162.3395962964955 3029.911865234375 299.596923828125 967.9333577473958 30
60 0.3 7315.44921875 1643.7098584034911 9639.992919921875 299.596923828125 1227.6369907924106 35
70 0.1 11528.51806640625 0.0 11528.51806640625 299.596923828125 1708.2537456311677 38
80 0.1 18822.26416015625 0.0 18822.26416015625 299.596923828125 1960.0553948818108 39
90 0.7 15603.648018973214 4888.381594718872 19689.360107421875 299.596923828125 2381.6106140136717 40
100 1.8 4505.51416015625 922.0070923363315 19689.360107421875 299.596923828125 4350.850227518285 47
110 2.5 8398.399580078125 1374.6762940686945 19689.360107421875 299.596923828125 4393.680239633413 65
120 3 12461.453588867187 944.8284980657182 19689.360107421875 299.596923828125 5506.102278645833 90
130 2.6 11104.275381234977 1586.22836054875 19689.360107421875 299.596923828125 7244.940106201172 120
140 1.7 8717.241498161764 1010.606174071435 19689.360107421875 299.596923828125 7932.218990796233 146
150 0.2 5195.240966796875 1194.465087890625 19689.360107421875 299.596923828125 8014.092503834356 163
160 0 0 0 19689.360107421875 299.596923828125 7979.92460641572 165
170 0 0 0 19689.360107421875 299.596923828125 7979.92460641572 165
172 0 0 0 19689.360107421875 299.596923828125 7979.92460641572 165
