0 0.4 551.5075073242188 217.8479529970726 880.4541015625 308.5439453125 0 0
10 0.6 765.4686279296875 465.49600088173366 1466.3330078125 298.55615234375 551.5075073242188 4
20 0.8 525.7695922851563 109.09157132188685 1466.3330078125 298.55615234375 679.8841796875 10
30 1.2 815.6202392578125 412.6625484988357 1466.3330078125 298.55615234375 611.3888075086805 18
40 1.6 1604.0643157958984 549.3041321160854 2505.652099609375 298.55615234375 693.0813802083334 30
50 2.1 3561.909400576637 994.2915836134953 5663.324951171875 298.55615234375 1009.9450099779212 46
60 2.3 7745.096255095109 1042.6803854913596 9693.920166015625 298.55615234375 1809.81444583722 67
70 2.7 11698.40822120949 1063.0979323820054 13625.18310546875 298.55615234375 3326.608685980903 90
80 3 16476.152921549477 1524.3369446214472 18973.97802734375 298.55615234375 5258.562424879808 117
90 1.8 18266.17780219184 1588.0608679848929 21105.702880859375 298.55615234375 7547.866607873618 147
100 0 0 0 21105.702880859375 298.55615234375 8717.136919981062 165
110 0 0 0 21105.702880859375 298.55615234375 8717.136919981062 165
120 0 0 0 21105.702880859375 298.55615234375 8717.136919981062 165
130 0 0 0 21105.702880859375 298.55615234375 8717.136919981062 165
140 0 0 0 21105.702880859375 298.55615234375 8717.136919981062 165
150 0 0 0 21105.702880859375 298.55615234375 8717.136919981062 165
160 0 0 0 21105.702880859375 298.55615234375 8717.136919981062 165
170 0 0 0 21105.702880859375 298.55615234375 8717.136919981062 165
172 0 0 0 21105.702880859375 298.55615234375 8717.136919981062 165
