10 0.6 104.5118408203125 52.023926090354635 187.52197265625 41.41796875 0 0
20 0.6 193.58072916666666 251.46743581845172 753.404052734375 41.41796875 104.5118408203125 6
30 0.4 780.2568359375 708.9796765154008 1521.799072265625 41.41796875 149.0462849934896 12
40 0.9 2029.207980685764 709.4685487191668 3618.446044921875 41.41796875 306.8489227294922 16
50 0.4 4703.327209472656 995.4799865490157 5819.256103515625 41.41796875 926.89818359375 25
60 0.2 8538.341064453125 579.218017578125 9117.55908203125 41.41796875 1447.784945783944 29
70 0.2 13179.35595703125 321.528076171875 13500.884033203125 41.41796875 1905.2401792464718 31
80 0.1 20544.868896484375 0.0 20544.868896484375 41.41796875 2588.51992335464 33
90 0.3 13395.752278645834 5265.325917915819 20782.962890625 41.41796875 3116.647834329044 34
100 0.7 4610.154261997768 711.1815163447967 20782.962890625 41.41796875 3950.0887352195946 37
110 0.3 9841.762369791666 2260.479277822899 20782.962890625 41.41796875 4055.0991599343038 44
120 0.3 13249.814371744791 1265.101442833815 20782.962890625 41.41796875 4424.460641414561 47
130 0.9 12360.436686197916 1507.8950723974685 20782.962890625 41.41796875 4953.981865234375 50
140 3.8 8741.103734066615 1004.4449863643349 20782.962890625 41.41796875 6083.7800582627115 59
150 6.8 4534.941503188187 1702.7807539878822 20782.962890625 41.41796875 7124.793457031251 97
160 0 0 0 20782.962890625 41.41796875 6057.460530598958 165
170 0 0 0 20782.962890625 41.41796875 6057.460530598958 165
172 0 0 0 20782.962890625 41.41796875 6057.460530598958 165
