0 0.6 22.2852783203125 47.18669516543358 127.7978515625 1.094970703125 0 0
10 1.2 1.135009765625 0.13550515829217513 127.7978515625 0.855224609375 22.2852783203125 6
20 1 4.54619140625 9.980274523612538 127.7978515625 0.855224609375 8.185099283854166 18
30 1.4 1.1263602120535714 0.13922159741840454 127.7978515625 0.825927734375 6.885489327566964 28
40 3.6 1.3405965169270833 0.9479525813872529 127.7978515625 0.781982421875 4.965779622395833 42
50 5.6 1.2907932826450892 0.745910984894239 127.7978515625 0.760986328125 3.2926181891025643 78
60 2.6 2.3905874399038463 4.44917953302466 127.7978515625 0.760986328125 2.4560346461054103 134
70 0 0 0 127.7978515625 0.760986328125 2.4453994750976564 160
80 0 0 0 127.7978515625 0.760986328125 2.4453994750976564 160
90 0 0 0 127.7978515625 0.760986328125 2.4453994750976564 160
100 0 0 0 127.7978515625 0.760986328125 2.4453994750976564 160
110 0 0 0 127.7978515625 0.760986328125 2.4453994750976564 160
120 0 0 0 127.7978515625 0.760986328125 2.4453994750976564 160
130 0 0 0 127.7978515625 0.760986328125 2.4453994750976564 160
140 0 0 0 127.7978515625 0.760986328125 2.4453994750976564 160
150 0 0 0 127.7978515625 0.760986328125 2.4453994750976564 160
158 0 0 0 127.7978515625 0.760986328125 2.4453994750976564 160
