0 0.1 5.136737064561728 0 5.136737064561728 5.136737064561728 0 0
10 0.1 2.55653883972468 0.0 5.136737064561728 2.55653883972468 5.136737064561728 1
20 0.1 1.7733990147783252 0.0 5.136737064561728 1.7733990147783252 3.8466379521432037 2
30 0.1 1.8737672583826428 0.0 5.136737064561728 1.7733990147783252 3.155558306354911 3
40 0.1 1.678183613030602 0.0 5.136737064561728 1.678183613030602 2.835110544361844 4
50 0.1 2.6548672566371683 0.0 5.136737064561728 1.678183613030602 2.603725158095595 5
60 0.1 3.3366045142296366 0.0 5.136737064561728 1.678183613030602 2.6122488411858575 6
70 0.1 2.075098814229249 0.0 5.136737064561728 1.678183613030602 2.7157282230492545 7
80 0.1 1.383399209486166 0.0 5.136737064561728 1.383399209486166 2.635649546946754 8
90 0.1 1.185770750988142 0.0 5.136737064561728 1.185770750988142 2.4965106205622445 9
100 0.1 2.2682445759368837 0.0 5.136737064561728 1.185770750988142 2.3654366336048342 10
110 0.1 1.4851485148514851 0.0 5.136737064561728 1.185770750988142 2.356600991998657 11
120 0.1 1.673228346456693 0.0 5.136737064561728 1.185770750988142 2.2839799522363924 12
130 0.1 1.4851485148514851 0.0 5.136737064561728 1.185770750988142 2.236999059484108 13
140 0.1 1.4807502467917077 0.0 5.136737064561728 1.185770750988142 2.183295449153206 14
150 0.1 1.8737672583826428 0.0 5.136737064561728 1.185770750988142 2.136459102329106 15
158 0.1 1.678183613030602 0.0 5.136737064561728 1.185770750988142 2.120040862082452 16
