0 0.1 3065.62109375 0 3065.62109375 3065.62109375 0 0
10 0.1 3062.6640625 0.0 3065.62109375 3062.6640625 3065.62109375 1
20 0.1 3060.73828125 0.0 3065.62109375 3060.73828125 3064.142578125 2
30 0.1 3059.4140625 0.0 3065.62109375 3059.4140625 3063.0078125 3
40 0.1 3059.0625 0.0 3065.62109375 3059.0625 3062.109375 4
50 0.1 3055.77734375 0.0 3065.62109375 3055.77734375 3061.5 5
60 0.1 3051.01171875 0.0 3065.62109375 3051.01171875 3060.5462239583335 6
70 0.1 3045.54296875 0.0 3065.62109375 3045.54296875 3059.184151785714 7
80 0.1 3041.31640625 0.0 3065.62109375 3041.31640625 3057.47900390625 8
90 0.1 3038.78125 0.0 3065.62109375 3038.78125 3055.683159722222 9
100 0.1 3035.40234375 0.0 3065.62109375 3035.40234375 3053.99296875 10
110 0.1 3034.44140625 0.0 3065.62109375 3034.44140625 3052.302911931818 11
120 0.1 3033.7265625 0.0 3065.62109375 3033.7265625 3050.814453125 12
130 0.1 3032.64453125 0.0 3065.62109375 3032.64453125 3049.5 13
140 0.1 3031.80859375 0.0 3065.62109375 3031.80859375 3048.2960379464284 14
150 0.1 3029.515625 0.0 3065.62109375 3029.515625 3047.196875 15
158 0.1 3032.234375 0.0 3065.62109375 3029.515625 3046.091796875 16
