0 0.1 0.3984375 0 0.3984375 0.3984375 0 0
10 0.1 0.421875 0.0 0.421875 0.3984375 0.3984375 1
20 0.1 0.3515625 0.0 0.421875 0.3515625 0.41015625 2
30 0.1 0.30078125 0.0 0.421875 0.30078125 0.390625 3
40 0.1 0.25 0.0 0.421875 0.25 0.3681640625 4
50 0.1 0.2109375 0.0 0.421875 0.2109375 0.34453125 5
60 0.1 0.1796875 0.0 0.421875 0.1796875 0.322265625 6
70 0.1 0.1484375 0.0 0.421875 0.1484375 0.30189732142857145 7
80 0.1 0.12890625 0.0 0.421875 0.12890625 0.28271484375 8
90 0.1 0.109375 0.0 0.421875 0.109375 0.265625 9
100 0.1 0.08984375 0.0 0.421875 0.08984375 0.25 10
110 0.1 0.078125 0.0 0.421875 0.078125 0.2354403409090909 11
120 0.1 0.05859375 0.0 0.421875 0.05859375 0.22233072916666666 12
130 0.1 0.05078125 0.0 0.421875 0.05078125 0.20973557692307693 13
140 0.1 0.05078125 0.0 0.421875 0.05078125 0.19838169642857142 14
150 0.1 0.0390625 0.0 0.421875 0.0390625 0.18854166666666666 15
158 0.1 0.03125 0.0 0.421875 0.03125 0.17919921875 16
