0 1.1 248.6751154119318 324.5991168500015 945.047119140625 10.755126953125 0 0
10 4.5 575.4271864149306 639.3083028949043 2233.025146484375 10.14501953125 248.6751154119318 11
20 5.9 496.90483894994713 359.29752164084067 2233.025146484375 10.14501953125 511.2437438964844 56
30 4.5 322.7853298611111 258.4744895764315 2233.025146484375 10.14501953125 503.8872622282609 115
40 6.1 1997.8455910604512 1714.6755894738062 7004.3408203125 10.14501953125 452.95234375 160
50 5.7 4514.278971354167 2140.2301823879707 10057.67822265625 10.14501953125 879.370841876414 221
60 8.3 8557.832457760733 2883.949796912811 17775.065185546875 10.14501953125 1624.6577605103416 278
70 4.2 14812.839210146953 5178.332619969417 23728.93896484375 10.14501953125 3218.711776775667 361
80 1.9 22475.833984375 3207.6535008295295 26071.990966796875 10.14501953125 4427.032749980615 403
90 9.7 25521.785828265947 5095.894593542857 34396.177001953125 10.14501953125 5239.656502240078 422
100 4.8 17404.794972737633 6741.531149023559 34396.177001953125 10.14501953125 9030.34348610233 519
110 6.2 15620.58455141129 3071.893311719009 34396.177001953125 10.14501953125 9739.291760103202 567
120 6.3 20419.87443808904 4713.3453239515275 34396.177001953125 10.14501953125 10319.005834922124 629
130 5.3 18985.10504956515 3563.5212426180756 34396.177001953125 10.14501953125 11238.593583476337 692
140 8.3 16001.911450489451 5142.0113975725235 34396.177001953125 10.14501953125 11789.687687775273 745
150 11.9 6315.391585149685 4856.507689918195 34396.177001953125 10.14501953125 12211.927509400004 828
158 1.3 15.61981670673077 1.5233711699357582 34396.177001953125 10.14501953125 11470.968929689563 947
