10 0.1 291 0 291 291 0 0
20 0.1 319.0 0.0 319 291 291.0 1
30 0.1 455.0 0.0 455 291 305.0 2
40 0.1 392.0 0.0 455 291 355.0 3
50 0.1 521.0 0.0 521 291 364.25 4
60 0.1 606.0 0.0 606 291 395.6 5
70 0.1 492.0 0.0 606 291 430.6666666666667 6
80 0.1 427.0 0.0 606 291 439.42857142857144 7
90 0.1 366.0 0.0 606 291 437.875 8
100 0.1 822.0 0.0 822 291 429.8888888888889 9
110 0.1 455.0 0.0 822 291 469.1 10
120 0.1 421.0 0.0 822 291 467.8181818181818 11
130 0.1 500.0 0.0 822 291 463.9166666666667 12
140 0.1 435.0 0.0 822 291 466.6923076923077 13
150 0.1 902.0 0.0 902 291 464.42857142857144 14
158 0.1 591.0 0.0 902 291 493.6 15
