0 1.7 160.87548828125 229.40104491619715 773.211181640625 7.908935546875 0 0
10 8.4 308.2246616908483 370.9940518464722 1728.47998046875 7.908935546875 160.87548828125 17
20 10.8 271.41266999421293 261.48121865826494 1728.47998046875 7.908935546875 283.423315671411 101
30 8.2 184.88930009051066 207.05923930900616 1728.47998046875 7.7109375 277.21685761812205 209
40 10.8 1412.6302897135417 980.5300120665105 3242.8330078125 7.7109375 251.2001575587951 291
50 11 3439.837060546875 1197.498243977877 6564.531982421875 7.7109375 565.5722234051926 399
60 13.1 6816.544660961355 637.6039254891716 8613.400146484375 7.7109375 1186.729653828739 509
70 8.7 10015.747219041845 1169.2633999377729 13476.549072265625 7.7109375 2339.0824131011964 640
80 6.5 14558.881388972355 1411.6958614682812 17994.919921875 7.7109375 3257.7479400844654 727
90 21.2 9372.129689342573 5110.288875873438 18424.510986328125 7.7109375 4185.239952935113 792
100 13.8 5321.630172950637 1294.179146385176 18424.510986328125 7.7109375 5280.479618391669 1004
110 12.8 8984.823793411248 515.9200330676518 18424.510986328125 7.7109375 5285.452277348882 1142
120 11.2 9752.864515032084 749.737720270994 18424.510986328125 7.7109375 5658.302319912647 1270
130 9.7 9734.505325789303 680.4533629609398 18424.510986328125 7.7109375 5990.13369896719 1382
140 12.7 8963.622550904282 1846.226734530521 18424.510986328125 7.7109375 6235.707767798661 1479
150 14.1 3559.869273950023 1512.7993484240144 18424.510986328125 7.7109375 6451.427056375506 1606
158 1.3 15.61981670673077 1.5233711699357582 18424.510986328125 7.7109375 6218.050040163718 1747
