10 0.1 230 0 230 230 0 0
20 0.1 235.0 0.0 235 230 230.0 1
30 0.1 325.0 0.0 325 230 232.5 2
40 0.1 300.0 0.0 325 230 263.3333333333333 3
50 0.1 459.0 0.0 459 230 272.5 4
60 0.1 568.0 0.0 568 230 309.8 5
70 0.1 406.0 0.0 568 230 352.8333333333333 6
80 0.1 303.0 0.0 568 230 360.42857142857144 7
90 0.1 265.0 0.0 568 230 353.25 8
100 0.1 516.0 0.0 568 230 343.44444444444446 9
110 0.1 287.0 0.0 568 230 360.7 10
120 0.1 261.0 0.0 568 230 354.0 11
130 0.1 305.0 0.0 568 230 346.25 12
140 0.1 240.0 0.0 568 230 343.0769230769231 13
150 0.1 493.0 0.0 568 230 335.7142857142857 14
158 0.1 342.0 0.0 568 230 346.2 15
