10 0.2 11256.880493164063 964.9315185546875 12221.81201171875 10291.948974609375 0 0
20 1.1 15763.139382102272 2275.131873243321 19600.347900390625 10291.948974609375 11256.880493164063 2
30 0.6 16819.19014485677 6603.9707797014125 28644.635986328125 7742.6220703125 15069.868783804086 13
40 0.4 25479.801025390625 8981.232406509287 34592.79296875 7742.6220703125 15622.28605571546 19
50 0.1 25676.824951171875 0.0 34592.79296875 7742.6220703125 17336.636485224186 23
60 0.3 39747.21671549479 2901.676581155009 43820.797119140625 7742.6220703125 17684.144337972004 24
70 0.3 36794.520345052086 2428.044386541672 43820.797119140625 7742.6220703125 20135.596824363427 27
80 0.1 43576.779052734375 0.0 43820.797119140625 7742.6220703125 21801.489176432293 30
90 0.3 58248.22265625 5317.726562992423 65039.338134765625 7742.6220703125 22503.917882119455 31
100 0.3 75069.31461588542 4957.854388656787 78836.80102539063 7742.6220703125 25657.82712689568 34
110 0.8 73605.26007080078 3718.122353038155 79258.078125 7742.6220703125 29664.16395032728 37
120 0.7 81636.61488560268 2962.0122479151355 86557.91015625 7742.6220703125 37475.914371744795 45
130 0.5 91785.93920898438 1744.2067464132815 93370.86303710938 7742.6220703125 43420.624056302586 52
140 2.5 98798.61674804687 3557.991787743492 108397.74487304688 7742.6220703125 47663.19556092379 57
150 6.5 98368.89998497596 3589.4507688954955 111948.57299804688 7742.6220703125 63253.26299602229 82
158 1.3 102855.39490685097 3519.617919135078 111948.57299804688 7742.6220703125 78780.58547413106 147
