10 0.6 81.65828450520833 45.49921708159729 142.969970703125 32.64697265625 0 0
20 1 177.0716552734375 190.30723039329035 661.802001953125 20.738037109375 81.65828450520833 6
30 0.7 25.958844866071427 10.657837602732632 661.802001953125 13.248046875 141.29164123535156 16
40 0.3 993.3133138020834 1158.7052738258772 2624.52001953125 13.248046875 106.19035538383152 23
50 0.5 3400.015380859375 1284.4904588774587 5942.159912109375 13.248046875 208.55069673978366 26
60 0.3 6365.535319010417 363.7806851395081 6879.9970703125 13.248046875 723.3030651461694 31
70 0 0 0 6879.9970703125 13.248046875 1221.1470875459559 34
80 0.1 15281.39697265625 0.0 15281.39697265625 13.248046875 1221.1470875459559 34
90 0.8 7536.886749267578 3873.608860476247 15281.39697265625 13.248046875 1622.8685128348213 35
100 1 4770.81591796875 1237.8677980271393 15281.39697265625 13.248046875 2723.1509754269623 43
110 0.8 8919.38134765625 401.44413550529987 15281.39697265625 13.248046875 3109.502851378243 53
120 2.1 9706.01456705729 621.5029780268738 15281.39697265625 13.248046875 3871.454129578637 61
130 2.2 9518.644986239347 336.7802321864114 15281.39697265625 13.248046875 5365.670826981706 82
140 3.4 8886.964348288144 1989.7940332608225 15281.39697265625 13.248046875 6244.184591440054 104
150 2.2 4254.043124112215 755.6740287736976 15281.39697265625 13.248046875 6895.304241677989 138
158 0 0 0 15281.39697265625 13.248046875 6532.130838012696 160
