0 0.1 42.884033203125 0 42.884033203125 42.884033203125 0 0
10 0.8 648.9004516601563 617.2455873225399 1728.6318359375 38.56787109375 42.884033203125 1
20 1.1 388.5139825994318 365.08050739291906 1728.6318359375 38.56787109375 581.5652940538195 9
30 0.7 129.53156389508928 182.34119496902397 1728.6318359375 38.56787109375 475.38707275390624 20
40 0.8 1424.385498046875 974.9941474947441 2747.830810546875 38.56787109375 385.72082971643516 27
50 1.5 4055.7692057291665 1129.8019694293193 6149.994873046875 38.56787109375 623.1298967633928 35
60 0.7 7213.416259765625 761.5074540222616 8426.056884765625 38.56787109375 1652.921689453125 50
70 1.3 10637.380521334135 1094.7464506733795 12111.514892578125 38.56787109375 2335.7894437020286 57
80 0.8 15163.626342773438 1439.4058380261306 17089.663818359375 38.56787109375 3877.5135009765627 70
90 4.6 9459.409328294838 5621.579729426327 17089.663818359375 38.56787109375 5035.063536032652 78
100 3.1 5386.5005040322585 1079.7276917854615 17089.663818359375 38.56787109375 6676.353104129915 124
110 0.5 8876.00458984375 312.6774149316346 17089.663818359375 38.56787109375 6418.3825841103835 155
120 0 0 0 17089.663818359375 38.56787109375 6495.183271789551 160
130 0 0 0 17089.663818359375 38.56787109375 6495.183271789551 160
140 0 0 0 17089.663818359375 38.56787109375 6495.183271789551 160
150 0 0 0 17089.663818359375 38.56787109375 6495.183271789551 160
158 0 0 0 17089.663818359375 38.56787109375 6495.183271789551 160
