10 0.2 42.02392578125 26.076904296875 68.100830078125 15.947021484375 0 0
20 1.1 320.71517666903407 236.46490152010432 858.94287109375 15.587158203125 42.02392578125 2
30 0.5 335.941845703125 202.59696695976126 858.94287109375 15.587158203125 277.83959960937494 13
40 0.5 1203.755908203125 932.2595568079529 2439.201171875 15.587158203125 293.9791124131944 18
50 0.1 2441.76904296875 0.0 2441.76904296875 15.587158203125 491.75667671535325 23
60 0.3 6641.881673177083 421.4769040942125 7156.81298828125 15.587158203125 573.0071919759115 24
70 0.3 9806.801025390625 1226.1402336548638 11500.509033203125 15.587158203125 1247.3265787760417 27
80 0.1 12147.767822265625 0.0 12147.767822265625 15.587158203125 2103.2740234375 30
90 0.3 11716.859375 3370.1629851278944 15761.7958984375 15.587158203125 2427.2899524319555 31
100 0.3 6462.052327473958 484.4460692914606 15761.7958984375 15.587158203125 3246.9578426585476 34
110 0.8 8865.991638183594 357.86802558376377 15761.7958984375 15.587158203125 3507.6411792652025 37
120 0.7 9632.04966517857 192.23391328995797 15761.7958984375 15.587158203125 4460.23681640625 45
130 0.5 9328.300048828125 217.74075781575357 15761.7958984375 15.587158203125 5156.442392202524 52
140 2.3 7953.024031929348 1374.2355912433009 15761.7958984375 15.587158203125 5522.394818222314 57
150 6.7 2661.4509095149256 1519.5629115586173 15761.7958984375 13.550048828125 6221.200717163086 80
158 1.3 15.733999399038462 1.5263147202606262 15761.7958984375 13.550048828125 4598.7297163982785 147
