10 0.6 671.9329833984375 251.94215493998087 1129.98486328125 313.983154296875 0 0
20 1 489.97705078125 149.88853762698318 1129.98486328125 300.7568359375 671.9329833984375 6
30 0.7 473.49400111607144 132.11769489251947 1129.98486328125 300.7568359375 558.2105255126953 16
40 0.7 1922.862269810268 892.2579079529229 2798.08203125 300.7568359375 532.4272354789402 23
50 0.4 2828.573974609375 391.24912777961913 3446.678955078125 300.7568359375 856.8620768229167 30
60 0.2 7052.9205322265625 69.6983642578125 7122.618896484375 300.7568359375 1088.828182444853 34
70 0.5 9580.893994140624 845.7182478400185 10804.23388671875 300.7568359375 1420.1666463216145 36
80 0.2 13329.1689453125 760.31298828125 14089.48193359375 300.7568359375 2415.3772984946645 41
90 1.2 11360.407979329428 5072.270120495051 16776.662841796875 300.7568359375 2922.9955146257266 43
100 2.2 5799.6080766157675 1381.2205576266601 16776.662841796875 300.7568359375 4763.885506924716 55
110 2.5 8951.843476562502 410.46016498385217 16776.662841796875 300.7568359375 5059.806241122159 77
120 2.6 9733.97137920673 582.3996765837444 16776.662841796875 300.7568359375 6013.736936083027 102
130 2.2 9554.150856711647 300.94440812679085 16776.662841796875 300.7568359375 6769.409557342529 128
140 1 10125.7861328125 1460.898169114775 16776.662841796875 300.7568359375 7177.83828125 150
150 0 0 0 16776.662841796875 300.7568359375 7362.085021972656 160
158 0 0 0 16776.662841796875 300.7568359375 7362.085021972656 160
