0 0.4 513.6362915039063 186.9173461984671 773.337158203125 303.69482421875 0 0
10 1.1 584.3858753551136 282.04709511600873 1090.39306640625 298.933837890625 513.6362915039063 4
20 0.7 539.6455426897321 189.07560236334365 1090.39306640625 298.933837890625 565.5193196614583 15
30 0.9 435.2347819010417 136.75145500897963 1090.39306640625 298.933837890625 557.2867542613636 22
40 2.1 1740.975830078125 869.8992028360086 3109.031982421875 298.933837890625 521.852310672883 31
50 2.3 3915.862113620924 1186.262823815503 5911.5009765625 298.933837890625 1014.1906550480769 52
60 2.5 7110.1712890625 680.7043563862247 8339.755126953125 298.933837890625 1904.0365690104168 75
70 2.3 10507.758067255434 939.7425739671098 11830.0869140625 298.933837890625 3205.5702490234376 100
80 2.9 14634.111580684268 1258.1899424416831 16593.72412109375 298.933837890625 4571.020003652185 123
90 0.8 15818.766693115234 798.0134552906949 16933.89892578125 298.933837890625 6490.951949270148 152
100 0 0 0 16933.89892578125 298.933837890625 6957.3426864624025 160
110 0 0 0 16933.89892578125 298.933837890625 6957.3426864624025 160
120 0 0 0 16933.89892578125 298.933837890625 6957.3426864624025 160
130 0 0 0 16933.89892578125 298.933837890625 6957.3426864624025 160
140 0 0 0 16933.89892578125 298.933837890625 6957.3426864624025 160
150 0 0 0 16933.89892578125 298.933837890625 6957.3426864624025 160
158 0 0 0 16933.89892578125 298.933837890625 6957.3426864624025 160
