10 0.6 206.58231608072916 76.56392603401439 297.98486328125 108.93603515625 0 0
20 1 411.50703125 200.78516253203986 716.380126953125 90.760009765625 206.58231608072916 6
30 0.7 181.72255161830358 118.06657507896732 716.380126953125 90.760009765625 334.66026306152344 16
40 0.2 1717.0875244140625 1525.9005126953125 3242.988037109375 90.760009765625 288.1140030570652 23
50 0.3 5269.496663411458 1267.556599978883 6564.69384765625 90.760009765625 402.431884765625 25
60 0.3 8180.87646484375 361.15898470101655 8613.5322265625 90.760009765625 923.9031110491071 28
70 0.2 11885.526000976563 1591.1939697265625 13476.719970703125 90.760009765625 1626.1908549647178 31
80 0.1 17995.0419921875 0.0 17995.0419921875 90.760009765625 2247.968742601799 33
90 0.3 5451.78369140625 2680.999511778073 17995.0419921875 90.760009765625 2711.117955824908 34
100 0.8 6216.3912353515625 1713.6710623736963 17995.0419921875 90.760009765625 2933.3340965477196 37
110 0.7 10257.984654017857 775.0179002357667 17995.0419921875 90.760009765625 3516.988699001736 45
120 0.7 11868.025599888393 695.0757839562565 17995.0419921875 90.760009765625 4424.430462176983 52
130 2 10780.41795654297 631.9943126335443 17995.0419921875 90.760009765625 5307.568868346133 59
140 3.3 9425.943130030777 1806.0596317475804 17995.0419921875 90.760009765625 6693.10028307951 79
150 4.8 4408.872828165691 1025.5157225309192 17995.0419921875 90.760009765625 7498.312907627651 112
158 0 0 0 17995.0419921875 90.760009765625 6571.480883789062 160
