0 1.1 11.993829900568182 33.33830968381693 117.39697265625 0.924072265625 0 0
10 1.3 1.3879770132211537 0.3128347195593859 117.39697265625 0.924072265625 11.993829900568182 11
20 0.4 1.2628173828125 0.13268515147333237 117.39697265625 0.924072265625 6.248992919921875 24
30 1.2 1.15814208984375 0.1514649475412118 117.39697265625 0.899169921875 5.53668212890625 28
40 3 1.2211995442708334 0.36554984536626056 117.39697265625 0.833984375 4.2231201171875 40
50 6.4 1.1152496337890616 0.1924270969823372 117.39697265625 0.798095703125 2.936582728794643 70
60 2.9 3.205078125 10.523266658221875 117.39697265625 0.798095703125 2.0666922953591413 134
70 0 0 0 117.39697265625 0.798095703125 2.2692271975651837 163
80 0 0 0 117.39697265625 0.798095703125 2.2692271975651837 163
90 0 0 0 117.39697265625 0.798095703125 2.2692271975651837 163
98 0 0 0 117.39697265625 0.798095703125 2.2692271975651837 163
