0 0.1 34.57856992828637 0 34.57856992828637 34.57856992828637 0 0
10 0.1 2.6600985221674875 0.0 34.57856992828637 2.6600985221674875 34.57856992828637 1
20 0.1 1.3847675568743818 0.0 34.57856992828637 1.3847675568743818 18.61933422522693 2
30 0.1 1.183431952662722 0.0 34.57856992828637 1.183431952662722 12.874478669109413 3
40 0.1 1.6748768472906401 0.0 34.57856992828637 1.183431952662722 9.95171698999774 4
50 0.1 1.9782393669634024 0.0 34.57856992828637 1.183431952662722 8.29634896145632 5
60 0.1 3.7254901960784315 0.0 34.57856992828637 1.183431952662722 7.2433306957075 6
70 0.1 1.8774703557312251 0.0 34.57856992828637 1.183431952662722 6.740782052903348 7
80 0.1 1.4792899408284024 0.0 34.57856992828637 1.183431952662722 6.1328680907568325 8
90 0.1 1.678183613030602 0.0 34.57856992828637 1.183431952662722 5.615803851875896 9
98 0.1 1.0869565217391304 0.0 34.57856992828637 1.0869565217391304 5.222041827991367 10
