0 0.1 3066.02734375 0 3066.02734375 3066.02734375 0 0
10 0.1 3063.91796875 0.0 3066.02734375 3063.91796875 3066.02734375 1
20 0.1 3064.05859375 0.0 3066.02734375 3063.91796875 3064.97265625 2
30 0.1 3064.30859375 0.0 3066.02734375 3063.91796875 3064.66796875 3
40 0.1 3064.3046875 0.0 3066.02734375 3063.91796875 3064.578125 4
50 0.1 3062.671875 0.0 3066.02734375 3062.671875 3064.5234375 5
60 0.1 3058.296875 0.0 3066.02734375 3058.296875 3064.21484375 6
70 0.1 3055.60546875 0.0 3066.02734375 3055.60546875 3063.3694196428573 7
80 0.1 3054.5234375 0.0 3066.02734375 3054.5234375 3062.39892578125 8
90 0.1 3053.1875 0.0 3066.02734375 3053.1875 3061.523871527778 9
98 0.1 3057.0546875 0.0 3066.02734375 3053.1875 3060.690234375 10
