0 0.1 0.12890625 0 0.12890625 0.12890625 0 0
10 0.1 0.109375 0.0 0.12890625 0.109375 0.12890625 1
20 0.1 0.1015625 0.0 0.12890625 0.1015625 0.119140625 2
30 0.1 0.078125 0.0 0.12890625 0.078125 0.11328125 3
40 0.1 0.0703125 0.0 0.12890625 0.0703125 0.1044921875 4
50 0.1 0.05859375 0.0 0.12890625 0.05859375 0.09765625 5
60 0.1 0.05078125 0.0 0.12890625 0.05078125 0.09114583333333333 6
70 0.1 0.0390625 0.0 0.12890625 0.0390625 0.08537946428571429 7
80 0.1 0.03125 0.0 0.12890625 0.03125 0.07958984375 8
90 0.1 0.03125 0.0 0.12890625 0.03125 0.07421875 9
98 0.1 0.01953125 0.0 0.12890625 0.01953125 0.069921875 10
