0 2 160.8872314453125 211.41430293571537 732.718017578125 9.0419921875 0 0
10 4 336.777490234375 353.96473895272896 1225.72509765625 9.0419921875 160.8872314453125 20
20 1.8 203.5152587890625 209.69685700114022 1225.72509765625 9.0419921875 278.14740397135415 60
30 2.5 146.46318359375005 169.07413223611638 1225.72509765625 9.0419921875 260.9246012369792 78
40 6.8 427.25297995174634 474.39386475682323 1930.765869140625 9.0419921875 233.1427037507585 103
50 7.3 2519.297420135915 1381.8016945809431 5719.625 9.0419921875 310.3327551055373 171
60 7.2 6476.635342068143 2090.2990414098804 11836.676025390625 9.0419921875 971.2115278400356 244
70 3 12440.657096354167 3398.1231589698464 17157.447998046875 9.0419921875 2225.611890575554 316
80 11.7 11711.343862680289 7538.989535367549 21060.284912109375 9.0419921875 3111.309451770231 346
90 2.4 41.28218587239582 8.905222705428319 21060.284912109375 8.6650390625 5284.536289948367 463
98 0.2 46.9385986328125 4.5875244140625 21060.284912109375 8.6650390625 5026.141837180762 487
