0 2.5 128.68748046875 167.23988716441187 615.903076171875 9.0419921875 0 0
10 5.5 244.90293412642046 298.6526651056661 1182.22705078125 9.0419921875 128.68748046875 25
20 2.4 152.61383056640625 184.9126813989231 1182.22705078125 9.0419921875 208.58560485839843 80
30 3.2 114.40248870849611 150.97210893158015 1182.22705078125 9.0419921875 195.6690415602464 104
40 8.8 330.12807395241475 356.57407255809704 1564.59716796875 8.873046875 176.54749971277573 136
50 9.9 2072.391448666351 889.2208754821612 3515.0458984375 8.873046875 236.88272530691964 224
60 10 5596.0963671875015 1282.1362334616279 7559.39599609375 8.873046875 799.4689903613584 323
70 6.1 9118.087622470543 851.5624106990265 10616.926025390625 8.873046875 1933.4234529680116 423
80 14.2 7554.10776745433 4557.995691514549 14037.501953125 8.873046875 2838.9286478846525 484
90 2.4 41.28218587239582 8.905222705428319 14037.501953125 8.6650390625 3908.50602005541 626
98 0.2 46.9385986328125 4.5875244140625 14037.501953125 8.6650390625 3765.716216947114 650
