0 0.4 3802.5889892578125 1932.117508993669 6699.472900390625 1516.43505859375 0 0
10 1.2 7080.361836751302 4393.0683250882785 15216.3330078125 1326.405029296875 3802.5889892578125 4
20 0.8 10057.908508300781 3261.873353257675 15764.817138671875 1326.405029296875 6260.91862487793 16
30 0.6 6103.0654703776045 2469.346506203615 15764.817138671875 1326.405029296875 7526.581919352214 24
40 1.9 6144.367971319902 3029.6667956685806 15764.817138671875 1326.405029296875 7241.878629557292 30
50 1 9664.36796875 2707.4852192953954 15764.817138671875 1326.405029296875 6816.313272281569 49
60 1.3 18942.297870342547 5201.430121588789 29379.9609375 1326.405029296875 7299.034407276218 59
70 0.8 24722.34048461914 3152.8034053991905 30515.64404296875 1326.405029296875 9401.290310329861 72
80 6 30976.574357096353 2426.1896427206857 36061.876953125 1326.405029296875 10933.39532775879 80
90 2.1 32301.18148949033 2928.068761070304 37883.720947265625 1326.405029296875 19523.32919747489 140
98 0.2 41179.14099121094 1595.6180419921875 42774.759033203125 1326.405029296875 21190.005583389946 161
