0 0.5 83.5673828125 147.79700212853268 379.160888671875 9.35888671875 0 0
10 1.5 71.48948567708332 102.40645731372379 379.160888671875 9.18505859375 83.5673828125 5
20 0.6 27.360514322916668 12.8319236055398 379.160888671875 9.18505859375 74.50895996093749 20
30 0.7 19.263427734375 7.514119708161277 379.160888671875 9.162109375 63.62854942908653 26
40 2 215.76961669921874 281.4951217001504 1015.7041015625 8.969970703125 54.217766039299235 33
50 1.9 2083.6067023026317 1022.839926883452 3335.958984375 8.969970703125 115.18072855247641 53
60 1.6 5714.976959228516 1187.2501727296005 7096.302001953125 8.969970703125 634.6264716254341 72
70 1.8 9007.731825086805 745.7259287496124 9963.6708984375 8.969970703125 1558.3265602805398 88
80 5.7 7873.1664482250535 3576.7946276048465 13975.905029296875 8.969970703125 2823.319907134434 106
90 0 0 0 13975.905029296875 8.969970703125 4589.217163834835 163
98 0 0 0 13975.905029296875 8.969970703125 4589.217163834835 163
