0 0.4 59.6177978515625 17.551693327378892 88.31005859375 44.276123046875 0 0
10 1.2 131.764404296875 258.4329351957636 986.35009765625 37.68994140625 59.6177978515625 4
20 0.8 99.68161010742188 96.30471222268538 986.35009765625 37.68994140625 113.72775268554688 16
30 0.6 116.213623046875 106.26377923934217 986.35009765625 37.68994140625 109.0457051595052 24
40 1.9 345.9218236019737 429.73139353878196 1564.718994140625 37.64111328125 110.47928873697917 30
50 0.9 2369.129448784722 823.190681373798 3451.95703125 37.64111328125 201.77333286830358 49
60 1.4 6247.641060965402 1088.8942865972288 7559.487060546875 37.64111328125 538.0872129242996 58
70 0.5 9388.888232421876 681.904758959259 10548.4970703125 37.64111328125 1648.2782389322917 72
80 6 5538.542317708333 5006.718312785719 14037.637939453125 36.693115234375 2150.9152514965504 77
90 2.4 41.387054443359375 8.912140672743572 14037.637939453125 8.7490234375 3634.547543268134 137
98 0.2 47.0640869140625 4.5948486328125 14037.637939453125 8.7490234375 3098.921134996118 161
