0 0.5 381.2521484375 118.63020325680193 616.057861328125 305.007080078125 0 0
10 1.5 606.4764322916667 232.03120553158365 1182.3349609375 302.8310546875 381.2521484375 5
20 0.6 431.6282145182292 127.87699321400456 1182.3349609375 302.8310546875 550.170361328125 20
30 0.7 358.68690708705356 102.98301135455064 1182.3349609375 302.8310546875 522.8144812950721 26
40 2 652.929248046875 300.63747470412767 1273.4169921875 302.8310546875 487.999541311553 33
50 2.6 2109.6455735426684 901.6381158116202 3515.18408203125 302.8310546875 550.2371664946934 53
60 2.8 5394.785705566406 1243.772404638598 7409.975830078125 302.8310546875 1063.460186535799 79
70 3.1 9369.593403477822 828.5446845604873 10617.1259765625 302.8310546875 2196.8911634783876 107
80 2.5 11664.651572265626 1339.8641306407608 13763.486083984375 302.8310546875 3808.1503623188405 138
90 0 0 0 13763.486083984375 302.8310546875 5013.135210470188 163
98 0 0 0 13763.486083984375 302.8310546875 5013.135210470188 163
