0 0.6 1620.3281656901042 879.6255575442672 2536.263916015625 311.68994140625 0 0
10 0.5 1856.748828125 1381.372926692974 3654.041015625 229.54296875 1620.3281656901042 6
20 2.3 2989.7452870244565 3140.7969150801614 9488.300048828125 218.4658203125 1727.7921031605113 11
30 4.4 2868.7569691051135 2455.9248895945516 12717.04296875 218.4658203125 2581.4663157743566 34
40 8.7 3076.317893543461 2726.2830152339175 15103.10302734375 218.4658203125 2743.5277099609375 78
50 10.4 6199.943368765025 2919.722439108589 23588.22802734375 218.4658203125 2918.9988976680866 165
60 10.1 9407.356454981442 3099.792719183265 23588.22802734375 218.4658203125 4187.468135564301 269
70 9.8 15499.31192452567 3406.6232537625224 27843.231201171875 218.4658203125 5612.356568702493 370
80 9.3 22207.760198777723 3702.7618491828907 32623.93896484375 218.4658203125 7682.701920990252 468
90 9.7 28563.878216615663 3696.3148655457107 39249.97509765625 218.4658203125 10090.599282548603 561
100 12.1 36978.52875209843 3716.8908726023046 48456.93310546875 218.4658203125 12813.863806263656 658
110 11.6 45630.99026804957 4004.2858313260176 52919.52197265625 218.4658203125 16567.29700067445 779
120 11.5 54798.38520295516 3959.458112909939 63452.447021484375 218.4658203125 20334.211435328656 895
130 9.5 63014.81697419819 4253.676804311394 72765.32397460938 218.4658203125 24258.350032632665 1010
140 6.6 74314.84293989702 3604.0212792472867 81944.24096679688 218.4658203125 27590.35397783513 1105
150 4.1 80256.66012647675 2188.7992242766218 85295.2958984375 218.4658203125 30223.843535047843 1171
150 0 0 0 85295.2958984375 218.4658203125 31916.37280918034 1212
