0 0.7 21.578194754464285 48.36882865086937 140.02294921875 1.02587890625 0 0
10 1.6 2.0751800537109375 2.8695612099503376 140.02294921875 0.990966796875 21.578194754464285 7
20 0.7 1.2967703683035714 0.3413267019163256 140.02294921875 0.966064453125 8.010880180027174 23
30 1.4 1.404052734375 0.36829985744700977 140.02294921875 0.928955078125 6.444254557291667 30
40 4.1 1.4722096512957314 0.8410054860323866 140.02294921875 0.8408203125 4.8405539772727275 44
50 5.8 1.3860915611530173 0.6472567946885209 140.02294921875 0.83203125 3.2158231847426473 85
60 1.3 3.858623798076923 6.945979381146264 140.02294921875 0.83203125 2.4736942744755246 143
70 0 0 0 140.02294921875 0.83203125 2.5891050681089745 156
80 0 0 0 140.02294921875 0.83203125 2.5891050681089745 156
90 0 0 0 140.02294921875 0.83203125 2.5891050681089745 156
100 0 0 0 140.02294921875 0.83203125 2.5891050681089745 156
110 0 0 0 140.02294921875 0.83203125 2.5891050681089745 156
120 0 0 0 140.02294921875 0.83203125 2.5891050681089745 156
130 0 0 0 140.02294921875 0.83203125 2.5891050681089745 156
140 0 0 0 140.02294921875 0.83203125 2.5891050681089745 156
150 0 0 0 140.02294921875 0.83203125 2.5891050681089745 156
153 0 0 0 140.02294921875 0.83203125 2.5891050681089745 156
