0 0.1 3.677883104091427 0 3.677883104091427 3.677883104091427 0 0
10 0.1 2.2615535889872174 0.0 3.677883104091427 2.2615535889872174 3.677883104091427 1
20 0.1 3.146509341199607 0.0 3.677883104091427 2.2615535889872174 2.969718346539322 2
30 0.1 3.066271018793274 0.0 3.677883104091427 2.2615535889872174 3.0286486780927504 3
40 0.1 2.9469548133595285 0.0 3.677883104091427 2.2615535889872174 3.038054263267881 4
50 0.1 4.011741682974559 0.0 4.011741682974559 2.2615535889872174 3.0198343732862107 5
60 0.1 3.948667324777887 0.0 4.011741682974559 2.2615535889872174 3.1851522582342686 6
70 0.1 2.561576354679803 0.0 4.011741682974559 2.2615535889872174 3.2942258391690715 7
80 0.1 2.9644268774703555 0.0 4.011741682974559 2.2615535889872174 3.202644653607913 8
90 0.1 3.346456692913386 0.0 4.011741682974559 2.2615535889872174 3.176176011814851 9
100 0.1 3.2448377581120944 0.0 4.011741682974559 2.2615535889872174 3.193204079924705 10
110 0.1 2.576808721506442 0.0 4.011741682974559 2.2615535889872174 3.1978980506690133 11
120 0.1 2.4777006937561943 0.0 4.011741682974559 2.2615535889872174 3.146140606572132 12
130 0.1 2.4582104228121926 0.0 4.011741682974559 2.2615535889872174 3.0947221517401364 13
140 0.1 3.149606299212598 0.0 4.011741682974559 2.2615535889872174 3.0492570282452833 14
150 0.1 3.260869565217391 0.0 4.011741682974559 2.2615535889872174 3.0559469796431045 15
