0 0.1 3064.6796875 0 3064.6796875 3064.6796875 0 0
10 0.1 3062.75390625 0.0 3064.6796875 3062.75390625 3064.6796875 1
20 0.1 3058.18359375 0.0 3064.6796875 3058.18359375 3063.716796875 2
30 0.1 3057.20703125 0.0 3064.6796875 3057.20703125 3061.8723958333335 3
40 0.1 3057.9609375 0.0 3064.6796875 3057.20703125 3060.7060546875 4
50 0.1 3052.40234375 0.0 3064.6796875 3052.40234375 3060.15703125 5
60 0.1 3040.3125 0.0 3064.6796875 3040.3125 3058.8645833333335 6
70 0.1 3030.77734375 0.0 3064.6796875 3030.77734375 3056.214285714286 7
80 0.1 3023.0390625 0.0 3064.6796875 3023.0390625 3053.03466796875 8
90 0.1 3018.0859375 0.0 3064.6796875 3018.0859375 3049.7018229166665 9
100 0.1 3015.1875 0.0 3064.6796875 3015.1875 3046.540234375 10
110 0.1 3013.74609375 0.0 3064.6796875 3013.74609375 3043.6899857954545 11
120 0.1 3013.26953125 0.0 3064.6796875 3013.26953125 3041.1946614583335 12
130 0.1 3012.91796875 0.0 3064.6796875 3012.91796875 3039.046574519231 13
140 0.1 3012.28125 0.0 3064.6796875 3012.28125 3037.180245535714 14
150 0.1 3011.72265625 0.0 3064.6796875 3011.72265625 3035.5203125 15
