0 4.7 98.15922643783244 124.43604356804664 619.30908203125 8.212158203125 0 0
10 20.1 159.57262394084273 194.4863454093718 995.361083984375 8.212158203125 98.15922643783244 47
20 31.9 334.58459663989015 296.8040462324645 1771.31396484375 8.212158203125 147.9337945753529 248
30 29.3 173.2473536156142 187.40456548701422 1771.31396484375 8.212158203125 252.9454451195987 567
40 24.2 794.7043860569471 666.1815426356065 3055.586181640625 8.212158203125 225.79249068859005 860
50 22.8 2170.9413751970255 913.8416704080319 5195.635986328125 8.212158203125 350.72595591467206 1102
60 17 4008.7979635799634 1623.9472712569852 8709.473876953125 8.212158203125 662.7628849345041 1330
70 31.5 4288.2521453372965 2558.8333477985 10349.47705078125 8.212158203125 1041.980193847656 1500
80 32.3 3418.53508973491 1030.0082850376357 10349.47705078125 8.212158203125 1605.3827639408994 1815
90 31.6 3671.0107197821894 772.9079215542042 10349.47705078125 8.212158203125 1879.306150859265 2138
100 33.5 3335.3112807544308 766.7687345758932 10349.47705078125 8.212158203125 2110.0227946162513 2454
110 28 3782.0842180524555 1181.7032171593091 10349.47705078125 8.212158203125 2257.1979982219486 2789
120 22.3 4537.902178435049 1176.0297413877088 10349.47705078125 8.212158203125 2396.320885661682 3069
130 30.3 3777.213285439873 1256.6692237499738 10349.47705078125 8.212158203125 2541.391550390862 3292
140 37.8 2564.373156673695 455.0634764092218 10349.47705078125 8.212158203125 2645.551212621697 3595
150 39.5 1292.7790100870268 690.924792365486 10349.47705078125 8.212158203125 2637.827752982043 3973
153 0 0 0 10349.47705078125 8.212158203125 2516.1944532010143 4368
