10 0.1 652 0 652 652 0 0
20 0.1 2324.0 0.0 2324 652 652.0 1
30 0.1 3383.0 0.0 3383 652 1488.0 2
40 0.1 2809.0 0.0 3383 652 2119.6666666666665 3
50 0.1 2415.0 0.0 3383 652 2292.0 4
60 0.1 2764.0 0.0 3383 652 2316.6 5
70 0.1 1692.0 0.0 3383 652 2391.1666666666665 6
80 0.1 4136.0 0.0 4136 652 2291.285714285714 7
90 0.1 3839.0 0.0 4136 652 2521.875 8
100 0.1 3802.0 0.0 4136 652 2668.222222222222 9
110 0.1 3648.0 0.0 4136 652 2781.6 10
120 0.1 2781.0 0.0 4136 652 2860.3636363636365 11
130 0.1 2167.0 0.0 4136 652 2853.75 12
140 0.1 3348.0 0.0 4136 652 2800.923076923077 13
150 0.1 4306.0 0.0 4306 652 2840.0 14
