0 5.8 79.52639665274788 108.21801147034088 598.885986328125 8.212158203125 0 0
10 23 139.44351435122286 176.480550386005 963.18212890625 7.85595703125 79.52639665274788 58
20 35.7 298.962241634935 250.02328182054356 1179.281005859375 7.85595703125 127.3768725925022 288
30 32.5 158.21911733774039 165.48445759296598 1179.281005859375 7.6220703125 222.347379178779 645
40 29.2 673.4526509324163 473.2431745038757 1884.39794921875 7.6220703125 200.86110588152377 970
50 28 1895.4183750697546 636.7242131155526 3728.843017578125 7.6220703125 310.2087533893373 1262
60 23.1 3398.6700212222663 958.2932876367132 5681.690185546875 7.6220703125 598.0548584934338 1542
70 38.7 3236.562811642038 1396.0975395556768 6557.51904296875 7.6220703125 962.9404211501513 1773
80 34.8 3104.3414909976677 586.5796313323277 6557.51904296875 7.6220703125 1370.297766113281 2160
90 32.7 3521.0656596425843 371.15207286374124 6557.51904296875 7.6220703125 1610.9067040158993 2508
100 35.8 3171.3267454008806 457.2226843216463 6557.51904296875 7.6220703125 1831.2319168871252 2835
110 32 3291.704231262207 669.3799874942707 6557.51904296875 7.6220703125 1981.4837016061747 3193
120 24 4252.524055989579 828.1869278222421 6557.51904296875 7.6220703125 2100.8319992121897 3513
130 31 3589.3492022114415 831.710241400912 6557.51904296875 7.6220703125 2238.430212275492 3753
140 37.8 2556.953783146288 433.00331240441835 6557.51904296875 7.6220703125 2341.503037006022 4063
150 39.5 1292.7790100870268 690.924792365486 6557.51904296875 7.6220703125 2359.8413351463105 4441
153 0 0 0 6557.51904296875 7.6220703125 2272.6846729464723 4836
