10 0.1 333 0 333 333 0 0
20 0.1 1191.0 0.0 1191 333 333.0 1
30 0.1 1563.0 0.0 1563 333 762.0 2
40 0.1 1401.0 0.0 1563 333 1029.0 3
50 0.1 1357.0 0.0 1563 333 1122.0 4
60 0.1 1642.0 0.0 1642 333 1169.0 5
70 0.1 906.0 0.0 1642 333 1247.8333333333333 6
80 0.1 2019.0 0.0 2019 333 1199.0 7
90 0.1 1807.0 0.0 2019 333 1301.5 8
100 0.1 1780.0 0.0 2019 333 1357.6666666666667 9
110 0.1 1741.0 0.0 2019 333 1399.9 10
120 0.1 1372.0 0.0 2019 333 1430.909090909091 11
130 0.1 1025.0 0.0 2019 333 1426.0 12
140 0.1 1557.0 0.0 2019 333 1395.1538461538462 13
150 0.1 1977.0 0.0 2019 333 1406.7142857142858 14
