10 0.5 7317.690576171875 1476.6610048255225 9388.948974609375 5754.344970703125 0 0
20 0.9 14813.238037109375 4894.02300132697 24847.34912109375 5754.344970703125 7317.690576171875 5
30 1.2 15638.786987304688 4177.579117401297 24847.34912109375 5754.344970703125 12136.256801060268 14
40 0.4 18771.719848632813 6270.652595803719 25369.132080078125 5754.344970703125 13752.809194711539 26
50 0 0 0 25369.132080078125 5754.344970703125 14421.997281901042 30
60 0.2 33248.28649902344 5998.3873291015625 39246.673828125 5754.344970703125 14421.997281901042 30
70 0.4 45723.797790527344 4787.069830725816 54011.416015625 5754.344970703125 15598.640357971191 32
80 0.3 45206.06599934896 1550.63109884866 54011.416015625 5754.344970703125 18945.880072699652 36
90 0 0 0 54011.416015625 5754.344970703125 20965.894374749598 39
100 0 0 0 54011.416015625 5754.344970703125 20965.894374749598 39
110 0 0 0 54011.416015625 5754.344970703125 20965.894374749598 39
120 0.6 85420.93648274739 2803.2897862059417 89721.919921875 5754.344970703125 20965.894374749598 39
130 1.3 92616.58385291466 2679.159194251128 98218.26196289063 5754.344970703125 29559.899989149304 45
140 1.5 101220.746484375 3049.1334495806877 106810.36694335938 5754.344970703125 43693.294648269126 58
150 8.3 100336.94419474775 4004.7359884721545 109690.93408203125 5754.344970703125 55514.00392966074 73
153 0 0 0 109690.93408203125 5754.344970703125 79362.10676300831 156
