10 0.4 192.865478515625 296.27697396434166 706.015869140625 19.8798828125 0 0
20 0.9 169.42412651909723 142.43763223100342 706.015869140625 19.8798828125 192.865478515625 4
30 1.3 71.06015249399039 84.31807181698849 706.015869140625 17.7109375 176.63685021033655 13
40 0.4 518.94873046875 407.8048792336376 1095.077880859375 17.7109375 123.84850135216347 26
50 0 0 0 1095.077880859375 17.7109375 176.52853190104167 30
60 0.2 2373.5694580078125 809.6485595703125 3183.218017578125 17.7109375 176.52853190104167 30
70 0.4 2428.7057495117188 871.3897233649169 3407.35107421875 17.7109375 313.84358978271484 32
80 0.3 3224.8053385416665 17.153579136134013 3407.35107421875 17.7109375 548.8282741970486 36
90 0 0 0 3407.35107421875 17.7109375 754.6726637620193 39
100 0 0 0 3407.35107421875 17.7109375 754.6726637620193 39
110 0 0 0 3407.35107421875 17.7109375 754.6726637620193 39
120 0.6 3855.587687174479 712.2460706129971 5239.89599609375 17.7109375 754.6726637620193 39
130 1.3 3443.9576509915864 862.3634084064506 5239.89599609375 17.7109375 1168.1280002170138 45
140 1.4 2223.6632080078125 334.402212825243 5239.89599609375 17.7109375 1678.227749528556 58
150 8.4 866.5516328357514 575.4553573232456 5239.89599609375 17.7109375 1784.284644232856 72
153 0 0 0 5239.89599609375 17.7109375 1290.1207150190305 156
