0 0.4 21.81878662109375 7.921750747441706 27.72509765625 8.328125 0 0
10 0.9 158.68375651041666 191.64812409144977 650.012939453125 8.328125 21.81878662109375 4
20 1.1 380.857421875 266.36591799967664 947.748046875 8.328125 116.5714580829327 13
30 1.1 98.58049982244319 91.36324161227948 947.748046875 8.328125 237.70252482096353 24
40 1.4 814.4795445033482 517.6841212037868 1664.205078125 8.328125 193.97845982142857 35
50 1.7 1427.1054974724266 680.4705286578521 2865.427978515625 8.328125 371.26448401626277 49
60 0.9 3570.1192220052085 751.2616063090918 4739.08984375 8.328125 643.2235329367898 66
70 4.3 2741.4749046148254 1280.8371843548953 5761.244873046875 8.328125 994.451015625 75
80 3.2 2954.2869033813477 471.1752744274619 5761.244873046875 8.328125 1631.0783650026483 118
90 0.6 3069.5838623046875 122.70447221820167 5761.244873046875 8.328125 1913.3628531901043 150
100 0 0 0 5761.244873046875 8.328125 1957.8328920022036 156
110 0 0 0 5761.244873046875 8.328125 1957.8328920022036 156
120 0 0 0 5761.244873046875 8.328125 1957.8328920022036 156
130 0 0 0 5761.244873046875 8.328125 1957.8328920022036 156
140 0 0 0 5761.244873046875 8.328125 1957.8328920022036 156
150 0 0 0 5761.244873046875 8.328125 1957.8328920022036 156
153 0 0 0 5761.244873046875 8.328125 1957.8328920022036 156
