0 0.4 95.228271484375 47.94539272667754 170.93505859375 52.18603515625 0 0
10 1 152.5987060546875 96.3101004804788 366.89990234375 52.18603515625 95.228271484375 4
20 1 480.01953125 274.8957621925761 856.427978515625 52.18603515625 136.2071533203125 14
30 1.1 213.5326482599432 154.95038474756103 856.427978515625 49.030029296875 279.4623107910156 24
40 1.7 1068.8257697610295 513.5683410045682 1810.919921875 49.030029296875 258.74155970982144 35
50 1.5 1734.1424153645833 490.06905631058095 2604.08203125 49.030029296875 523.5767822265625 52
60 1.6 3457.3663635253906 1027.173807820551 4994.52685546875 49.030029296875 794.5989388992538 67
70 4.5 3236.3623101128474 1339.1992500617657 6137.3671875 49.030029296875 1307.9035026826054 83
80 2.6 3010.512451171875 423.0044895777597 6137.3671875 49.030029296875 1985.8773021697998 128
90 0.2 3619.8370361328125 215.5679931640625 6137.3671875 49.030029296875 2158.867652001319 154
100 0 0 0 6137.3671875 49.030029296875 2177.5980287209536 156
110 0 0 0 6137.3671875 49.030029296875 2177.5980287209536 156
120 0 0 0 6137.3671875 49.030029296875 2177.5980287209536 156
130 0 0 0 6137.3671875 49.030029296875 2177.5980287209536 156
140 0 0 0 6137.3671875 49.030029296875 2177.5980287209536 156
150 0 0 0 6137.3671875 49.030029296875 2177.5980287209536 156
153 0 0 0 6137.3671875 49.030029296875 2177.5980287209536 156
