0 0.4 106.77825927734375 72.32968435079083 228.074951171875 43.419921875 0 0
10 1 167.0652587890625 149.18999220021573 458.677978515625 43.419921875 106.77825927734375 4
20 1 497.005322265625 312.6320387801512 1037.1201171875 43.419921875 149.84040178571428 14
30 1.4 274.5361328125 231.68469581289244 1037.1201171875 42.9658203125 294.49245198567706 24
40 1.7 1111.1662166819856 418.99041739280824 1695.089111328125 42.9658203125 287.14012386924344 38
50 1.7 1993.8890165441176 511.373761315734 2848.933837890625 42.9658203125 541.8390980113637 55
60 2 3564.5035034179687 822.9225283196711 4803.16796875 42.9658203125 884.6842176649305 72
70 5 3521.390029296875 1377.1922037576078 6085.9150390625 42.9658203125 1467.2536276112432 92
80 1.3 2992.1758563701924 602.5146930943386 6085.9150390625 42.9658203125 2190.541092993508 142
90 0.1 3701.462158203125 0.0 6085.9150390625 42.9658203125 2257.774976373488 155
100 0 0 0 6085.9150390625 42.9658203125 2267.0293813852163 156
110 0 0 0 6085.9150390625 42.9658203125 2267.0293813852163 156
120 0 0 0 6085.9150390625 42.9658203125 2267.0293813852163 156
130 0 0 0 6085.9150390625 42.9658203125 2267.0293813852163 156
140 0 0 0 6085.9150390625 42.9658203125 2267.0293813852163 156
150 0 0 0 6085.9150390625 42.9658203125 2267.0293813852163 156
153 0 0 0 6085.9150390625 42.9658203125 2267.0293813852163 156
