10 0.6 452.9381103515625 127.25960563338809 630.078857421875 315.27978515625 0 0
20 1.3 658.0265737680288 243.79292887795543 1024.014892578125 315.27978515625 452.9381103515625 6
30 1 540.0359619140625 156.7897962990695 1024.014892578125 312.719970703125 593.2617958470395 19
40 1 1063.9814697265624 374.99212382109397 1567.909912109375 312.719970703125 574.9080600080819 29
50 0 0 0 1567.909912109375 312.719970703125 700.3114983974359 39
60 0 0 0 1567.909912109375 312.719970703125 700.3114983974359 39
70 0.1 1910.495849609375 0.0 1910.495849609375 312.719970703125 700.3114983974359 39
80 0.8 3031.2706909179688 598.4623528789654 4044.5908203125 312.719970703125 730.5661071777344 40
90 1.2 3573.3991495768228 373.41886303777227 4059.213134765625 312.719970703125 1114.0168711344402 48
100 0.6 3348.330362955729 455.2892426340189 4059.213134765625 312.719970703125 1605.8933268229166 60
110 2.9 3398.3329236260774 561.3281377670555 4430.14599609375 312.719970703125 1764.2966937440815 66
120 3.5 4268.908328683034 802.9192239557414 5642.055908203125 312.719970703125 2263.10775339227 95
130 2.1 3771.5672316778273 807.5730500212177 5642.055908203125 312.719970703125 2803.130985201322 130
140 0.4 2833.5247802734375 203.3618445686123 5642.055908203125 312.719970703125 2937.814171797392 151
150 0.1 1898.8271484375 0.0 5642.055908203125 312.719970703125 2935.1228326612904 155
153 0 0 0 5642.055908203125 312.719970703125 2928.4799116085737 156
