0 0.2 493.81103515625 36.051025390625 529.862060546875 457.760009765625 0 0
10 0.7 876.7141810825893 709.5142516607397 2367.547119140625 419.031005859375 493.81103515625 2
20 1.5 2581.6220703125 1145.9511930002298 4604.56103515625 419.031005859375 791.6245930989584 9
30 0.8 1213.5723876953125 458.07846920639247 4604.56103515625 419.031005859375 1910.3730163574219 24
40 0.7 3835.9656110491073 984.3441510130064 5160.150146484375 419.031005859375 1736.1728591918945 32
50 0 0 0 5160.150146484375 419.031005859375 2113.0587377303686 39
60 0.1 22384.0400390625 0.0 22384.0400390625 419.031005859375 2113.0587377303686 39
70 1.2 26801.056518554688 1548.9025212274305 28545.866943359375 419.031005859375 2619.8332702636717 40
80 1.2 31551.61749267578 1590.434609957319 34184.530029296875 419.031005859375 8200.11555833083 52
90 0.8 32097.005004882813 3352.3936910015123 36186.054931640625 419.031005859375 12578.522171020508 64
100 3.3 31896.149828361744 1953.7693733059093 36186.054931640625 419.031005859375 14747.242485894098 72
110 3.6 33136.67696126301 1516.5974334147331 36298.02392578125 419.031005859375 20136.899079241073 105
120 1.2 35797.147440592445 1669.905695648392 38543.214111328125 419.031005859375 23455.99130443816 141
130 0.3 37828.131022135414 1608.740608819657 40101.9970703125 419.031005859375 24423.925119038497 153
140 0 0 0 40101.9970703125 419.031005859375 24681.69830948267 156
150 0 0 0 40101.9970703125 419.031005859375 24681.69830948267 156
153 0 0 0 40101.9970703125 419.031005859375 24681.69830948267 156
