0 0.5 382.942626953125 111.05910565647844 599.010009765625 303.27001953125 0 0
10 1.3 526.3662484975962 223.71896235440354 963.278076171875 303.27001953125 382.942626953125 5
20 1.2 637.0184936523438 182.72070796378452 975.48486328125 303.27001953125 486.52635362413196 18
30 1 374.0322509765625 98.82379119703658 975.48486328125 301.72998046875 546.7232096354167 30
40 2.6 812.9794264573318 334.1856171575521 1622.39697265625 301.72998046875 503.55046997070315 40
50 3.5 2012.3605050223214 642.3371621909915 3177.752197265625 301.72998046875 625.4467255563447 66
60 4.1 3722.7425030964177 823.1100529465004 5090.570068359375 301.72998046875 1106.060411509901 101
70 1.4 4898.731305803572 880.3764526522233 5981.769775390625 301.72998046875 1861.5812971088249 142
80 0 0 0 5981.769775390625 301.72998046875 2134.146041478866 156
90 0 0 0 5981.769775390625 301.72998046875 2134.146041478866 156
100 0 0 0 5981.769775390625 301.72998046875 2134.146041478866 156
110 0 0 0 5981.769775390625 301.72998046875 2134.146041478866 156
120 0 0 0 5981.769775390625 301.72998046875 2134.146041478866 156
130 0 0 0 5981.769775390625 301.72998046875 2134.146041478866 156
140 0 0 0 5981.769775390625 301.72998046875 2134.146041478866 156
150 0 0 0 5981.769775390625 301.72998046875 2134.146041478866 156
153 0 0 0 5981.769775390625 301.72998046875 2134.146041478866 156
