10 0.4 1029.00048828125 342.0107527439439 1601.48779296875 764.797119140625 0 0
20 0.9 3033.663872612847 966.4832467239049 4729.360107421875 764.797119140625 1029.00048828125 4
30 1.3 1797.4205603966345 630.0849801266435 4729.360107421875 764.797119140625 2416.8443697415864 13
40 0.4 3727.382568359375 850.9559166525855 5121.05615234375 764.797119140625 2107.1324650691104 26
50 0.2 13153.676513671875 338.91845703125 13492.594970703125 764.797119140625 2323.165812174479 30
60 0.1 22715.79296875 0.0 22715.79296875 764.797119140625 3000.0727310180664 32
70 0.6 25674.845133463543 1090.9762787788513 27583.7177734375 764.797119140625 3597.518798828125 33
80 0 0 0 27583.7177734375 764.797119140625 6994.030542618189 39
90 0 0 0 27583.7177734375 764.797119140625 6994.030542618189 39
100 0 0 0 27583.7177734375 764.797119140625 6994.030542618189 39
110 0.5 34608.02724609375 741.5244898376343 35705.91796875 764.797119140625 6994.030542618189 39
120 0.9 34454.644775390625 1407.42025311811 37286.004150390625 764.797119140625 10131.984713467684 44
130 1 35917.417578125 1359.8625157979802 38070.875 764.797119140625 14262.247742850825 53
140 2.3 33526.16308593749 1798.1514339236787 38070.875 764.797119140625 17699.57628813244 63
150 7 25622.04465332031 5706.287456261196 38070.875 764.797119140625 21932.268106150073 86
153 0 0 0 38070.875 764.797119140625 23587.9370696239 156
