10 0.4 22.80926513671875 12.298493562806124 42.988037109375 12.81494140625 0 0
20 0.9 139.88566080729166 86.09507365431357 334.873046875 12.81494140625 22.80926513671875 4
30 1.3 87.02176607572116 98.72487924873926 417.248046875 12.81494140625 103.86215444711539 13
40 0.4 400.216796875 355.8322842140509 980.422119140625 12.81494140625 95.44196026141827 26
50 0.1 3101.139892578125 0.0 3101.139892578125 12.81494140625 136.07860514322917 30
60 0.1 2326.2861328125 0.0 3101.139892578125 12.81494140625 231.72574344758064 31
70 0.7 2868.1681780133927 1236.723459401403 5341.35205078125 12.81494140625 297.1807556152344 32
80 0 0 0 5341.35205078125 12.81494140625 758.6400365584935 39
90 0 0 0 5341.35205078125 12.81494140625 758.6400365584935 39
100 0 0 0 5341.35205078125 12.81494140625 758.6400365584935 39
110 0.4 3226.0151977539063 145.74753615169956 5341.35205078125 12.81494140625 758.6400365584935 39
120 0.8 4313.7591552734375 785.7947941298163 5469.011962890625 12.81494140625 988.1633073673692 43
130 1 3395.9470947265627 765.4487051900157 5469.011962890625 12.81494140625 1509.8254011565564 51
140 1.7 2329.6044060202207 365.1412224688878 5469.011962890625 12.81494140625 1819.0256787909836 61
150 7.8 1037.5794583834136 595.0585130983009 5469.011962890625 12.81494140625 1930.305657802484 78
153 0 0 0 5469.011962890625 12.81494140625 1483.9425580929487 156
