0 0.6 22.980183919270832 48.90507381707082 132.3349609375 0.946044921875 0 0
10 1.1 1.2517755681818181 0.14654821092593623 132.3349609375 0.946044921875 22.980183919270832 6
20 0.8 1.182403564453125 0.1423622711759174 132.3349609375 0.946044921875 8.920625574448529 17
30 2.1 1.6731538318452381 1.2362952421300009 132.3349609375 0.946044921875 6.44439453125 25
40 2.5 2.36255859375 4.152549282082391 132.3349609375 0.946044921875 4.266219429347826 46
50 6.9 1.4742873924365942 0.7933988387209483 132.3349609375 0.9150390625 3.595916318221831 71
60 1.3 3.2695688100961537 7.150792477654978 132.3349609375 0.9150390625 2.55025634765625 140
70 0 0 0 132.3349609375 0.9150390625 2.611374400020425 153
80 0 0 0 132.3349609375 0.9150390625 2.611374400020425 153
90 0 0 0 132.3349609375 0.9150390625 2.611374400020425 153
100 0 0 0 132.3349609375 0.9150390625 2.611374400020425 153
110 0 0 0 132.3349609375 0.9150390625 2.611374400020425 153
120 0 0 0 132.3349609375 0.9150390625 2.611374400020425 153
130 0 0 0 132.3349609375 0.9150390625 2.611374400020425 153
140 0 0 0 132.3349609375 0.9150390625 2.611374400020425 153
150 0 0 0 132.3349609375 0.9150390625 2.611374400020425 153
160 0 0 0 132.3349609375 0.9150390625 2.611374400020425 153
170 0 0 0 132.3349609375 0.9150390625 2.611374400020425 153
180 0 0 0 132.3349609375 0.9150390625 2.611374400020425 153
190 0 0 0 132.3349609375 0.9150390625 2.611374400020425 153
200 0 0 0 132.3349609375 0.9150390625 2.611374400020425 153
210 0 0 0 132.3349609375 0.9150390625 2.611374400020425 153
220 0 0 0 132.3349609375 0.9150390625 2.611374400020425 153
230 0 0 0 132.3349609375 0.9150390625 2.611374400020425 153
240 0 0 0 132.3349609375 0.9150390625 2.611374400020425 153
250 0 0 0 132.3349609375 0.9150390625 2.611374400020425 153
260 0 0 0 132.3349609375 0.9150390625 2.611374400020425 153
267 0 0 0 132.3349609375 0.9150390625 2.611374400020425 153
