0 0.1 6.16133643023048 0 6.16133643023048 6.16133643023048 0 0
10 0.1 2.3622047244094486 0.0 6.16133643023048 2.3622047244094486 6.16133643023048 1
20 0.1 1.9743336623889436 0.0 6.16133643023048 1.9743336623889436 4.261770577319965 2
30 0.1 2.0710059171597637 0.0 6.16133643023048 1.9743336623889436 3.499291605676291 3
40 0.1 2.270483711747285 0.0 6.16133643023048 1.9743336623889436 3.142220183547159 4
50 0.1 2.566633761105627 0.0 6.16133643023048 1.9743336623889436 2.967872889187184 5
60 0.1 4.019607843137255 0.0 6.16133643023048 1.9743336623889436 2.9009997011735913 6
70 0.1 1.582591493570722 0.0 6.16133643023048 1.582591493570722 3.0608008643112576 7
80 0.1 1.966568338249754 0.0 6.16133643023048 1.582591493570722 2.8760246929686906 8
90 0.1 1.288404360753221 0.0 6.16133643023048 1.288404360753221 2.7749739868888086 9
100 0.1 2.6627218934911245 0.0 6.16133643023048 1.288404360753221 2.62631702427525 10
110 0.1 2.5540275049115913 0.0 6.16133643023048 1.288404360753221 2.6296265578403295 11
120 0.1 2.1760633036597428 0.0 6.16133643023048 1.288404360753221 2.623326636762935 12
130 0.1 2.1739130434782608 0.0 6.16133643023048 1.288404360753221 2.5889217649857668 13
140 0.1 2.0792079207920793 0.0 6.16133643023048 1.288404360753221 2.5592782848780873 14
150 0.1 1.8774703557312251 0.0 6.16133643023048 1.288404360753221 2.5272735939390203 15
160 0.1 1.7786561264822136 0.0 6.16133643023048 1.288404360753221 2.486660891551033 16
170 0.1 2.1696252465483234 0.0 6.16133643023048 1.288404360753221 2.4450135524293377 17
180 0.1 1.9723865877712032 0.0 6.16133643023048 1.288404360753221 2.4297142021026144 18
190 0.1 1.8737672583826428 0.0 6.16133643023048 1.288404360753221 2.405644327664119 19
200 0.1 1.968503937007874 0.0 6.16133643023048 1.288404360753221 2.379050474200045 20
210 0.1 1.2858555885262115 0.0 6.16133643023048 1.2858555885262115 2.359500639095656 21
220 0.1 1.87192118226601 0.0 6.16133643023048 1.2858555885262115 2.3106985913424993 22
230 0.1 2.4630541871921183 0.0 6.16133643023048 1.2858555885262115 2.2916213126869995 23
240 0.1 2.366863905325444 0.0 6.16133643023048 1.2858555885262115 2.298764349124713 24
250 0.1 2.1760633036597428 0.0 6.16133643023048 1.2858555885262115 2.301488331372742 25
260 0.1 1.9801980198019802 0.0 6.16133643023048 1.2858555885262115 2.2966642918453193 26
267 0.1 2.075098814229249 0.0 6.16133643023048 1.2858555885262115 2.2849433188066772 27
