0 0.1 3065.15625 0 3065.15625 3065.15625 0 0
10 0.1 3062.66015625 0.0 3065.15625 3062.66015625 3065.15625 1
20 0.1 3060.39453125 0.0 3065.15625 3060.39453125 3063.908203125 2
30 0.1 3056.41015625 0.0 3065.15625 3056.41015625 3062.7369791666665 3
40 0.1 3051.81640625 0.0 3065.15625 3051.81640625 3061.1552734375 4
50 0.1 3048.6796875 0.0 3065.15625 3048.6796875 3059.2875 5
60 0.1 3041.95703125 0.0 3065.15625 3041.95703125 3057.51953125 6
70 0.1 3037.140625 0.0 3065.15625 3037.140625 3055.296316964286 7
80 0.1 3033.8359375 0.0 3065.15625 3033.8359375 3053.02685546875 8
90 0.1 3029.98046875 0.0 3065.15625 3029.98046875 3050.89453125 9
100 0.1 3024.51171875 0.0 3065.15625 3024.51171875 3048.803125 10
110 0.1 3019.828125 0.0 3065.15625 3019.828125 3046.594815340909 11
120 0.1 3014.62890625 0.0 3065.15625 3014.62890625 3044.3642578125 12
130 0.1 3009.3125 0.0 3065.15625 3009.3125 3042.076923076923 13
140 0.1 3005.32421875 0.0 3065.15625 3005.32421875 3039.7366071428573 14
150 0.1 3002.79296875 0.0 3065.15625 3002.79296875 3037.442447916667 15
160 0.1 3002.07421875 0.0 3065.15625 3002.07421875 3035.27685546875 16
170 0.1 3000.390625 0.0 3065.15625 3000.390625 3033.3237591911766 17
180 0.1 2999.671875 0.0 3065.15625 2999.671875 3031.494140625 18
190 0.1 2999.78515625 0.0 3065.15625 2999.671875 3029.8192845394738 19
200 0.1 2999.69140625 0.0 3065.15625 2999.671875 3028.317578125 20
210 0.1 2999.4609375 0.0 3065.15625 2999.4609375 3026.9544270833335 21
220 0.1 2999.34765625 0.0 3065.15625 2999.34765625 3025.7047230113635 22
230 0.1 2998.51171875 0.0 3065.15625 2998.51171875 3024.5587635869565 23
240 0.1 2998.3984375 0.0 3065.15625 2998.3984375 3023.4734700520835 24
250 0.1 2997.92578125 0.0 3065.15625 2997.92578125 3022.47046875 25
260 0.1 2997.45703125 0.0 3065.15625 2997.45703125 3021.5264423076924 26
267 0.1 2998.02734375 0.0 3065.15625 2997.45703125 3020.6349826388887 27
