0 0.1 0.01171875 0 0.01171875 0.01171875 0 0
10 0.1 0.0 0.0 0.01171875 0.0 0.01171875 1
20 0.1 0.0 0.0 0.01171875 0.0 0.005859375 2
30 0.1 0.0 0.0 0.01171875 0.0 0.00390625 3
40 0.1 0.0 0.0 0.01171875 0.0 0.0029296875 4
50 0.1 0.0 0.0 0.01171875 0.0 0.00234375 5
60 0.1 0.0 0.0 0.01171875 0.0 0.001953125 6
70 0.1 0.0 0.0 0.01171875 0.0 0.0016741071428571428 7
80 0.1 0.0 0.0 0.01171875 0.0 0.00146484375 8
90 0.1 0.0 0.0 0.01171875 0.0 0.0013020833333333333 9
100 0.1 0.0 0.0 0.01171875 0.0 0.001171875 10
110 0.1 0.0 0.0 0.01171875 0.0 0.001065340909090909 11
120 0.1 0.0 0.0 0.01171875 0.0 9.765625e-4 12
130 0.1 0.0 0.0 0.01171875 0.0 9.014423076923077e-4 13
140 0.1 0.0 0.0 0.01171875 0.0 8.370535714285714e-4 14
150 0.1 0.0 0.0 0.01171875 0.0 7.8125e-4 15
160 0.1 0.0 0.0 0.01171875 0.0 7.32421875e-4 16
170 0.1 0.0 0.0 0.01171875 0.0 6.893382352941177e-4 17
180 0.1 0.0 0.0 0.01171875 0.0 6.510416666666666e-4 18
190 0.1 0.0 0.0 0.01171875 0.0 6.167763157894736e-4 19
200 0.1 0.0 0.0 0.01171875 0.0 5.859375e-4 20
210 0.1 0.0 0.0 0.01171875 0.0 5.580357142857143e-4 21
220 0.1 0.078125 0.0 0.078125 0.0 5.326704545454545e-4 22
230 0.1 0.0703125 0.0 0.078125 0.0 0.00390625 23
240 0.1 0.05859375 0.0 0.078125 0.0 0.006673177083333333 24
250 0.1 0.05078125 0.0 0.078125 0.0 0.00875 25
260 0.1 0.109375 0.0 0.109375 0.0 0.010366586538461538 26
267 0.1 0.1015625 0.0 0.109375 0.0 0.014033564814814815 27
