0 3.6 112.76204427083333 160.7364819092037 639.4541015625 11.016845703125 0 0
10 12.1 120.31354112861568 129.36148041976756 639.4541015625 10.2119140625 112.76204427083333 36
20 15.4 626.4579491553372 421.4592498199799 2142.51904296875 10.2119140625 118.58198770899682 157
30 15.7 1222.3433192550758 636.596068460031 3483.248046875 10.2119140625 370.0704059171525 311
40 11.5 3017.2161833389946 1123.9225964350137 5886.22802734375 10.2119140625 655.9824729984645 468
50 13.3 4522.883664238723 1703.1785097026918 8548.22607421875 10.2119140625 1121.7489853297868 583
60 7 6729.932955496652 2434.3336483120906 12898.5908203125 10.2119140625 1753.524002501419 716
70 4.4 13772.542696866121 3424.75409482135 21107.31103515625 10.2119140625 2196.715639536618 786
80 5.6 21744.864545549663 4491.2903418677215 28337.599853515625 10.2119140625 2810.3739413709527 830
90 16 16065.173780822759 9396.87020892918 30332.60693359375 10.2119140625 4007.1363271881173 886
100 20.3 7239.171730680418 2777.090150933779 30332.60693359375 10.2119140625 5851.578002696285 1046
110 23.7 6005.484145281186 1248.712533587335 30332.60693359375 10.2119140625 6077.103644634459 1249
120 21.7 6520.595400480632 1027.1178010901149 30332.60693359375 10.2119140625 6065.681153822396 1486
130 20.5 6282.589862804878 1243.540577191792 30332.60693359375 10.2119140625 6123.647326179904 1703
140 18.6 6561.303877635666 1286.4263123686592 30332.60693359375 10.2119140625 6140.7244855133 1908
150 16.6 7253.198695171311 1503.0075255216761 30332.60693359375 10.2119140625 6178.08254040096 2094
160 18.3 8336.0051803172 1859.785854291485 30332.60693359375 10.2119140625 6257.051249114181 2260
170 18.1 6585.425883762083 2014.5088021572762 30332.60693359375 10.2119140625 6412.781322552639 2443
180 11.4 8101.250997978344 2687.4704707696174 30332.60693359375 10.2119140625 6424.690112788504 2624
190 10.2 11229.856390261179 2891.5499971876275 30332.60693359375 10.2119140625 6494.495788797139 2738
200 6.7 13701.27480395872 2407.0997075633445 30332.60693359375 10.2119140625 6664.568599131411 2840
210 9.5 16515.786137952302 1021.9280809575931 30332.60693359375 10.2119140625 6826.749306294613 2907
220 19.3 9286.88304146089 3139.268677366067 30332.60693359375 10.2119140625 7133.364395904034 3002
230 21.9 5885.460976517909 298.33956332618203 30332.60693359375 10.2119140625 7263.45175070606 3195
240 21.5 5291.3071027888855 167.03238314109623 30332.60693359375 10.2119140625 7175.056911940037 3414
250 24.4 4947.087245253264 297.327885597823 30332.60693359375 10.2119140625 7063.454209000522 3629
260 31.4 3643.2071914186904 977.4597179220666 30332.60693359375 10.2119140625 6930.122543843194 3873
267 9.7 1306.9907226562502 385.4716392962729 30332.60693359375 10.2119140625 6683.623518129964 4187
