10 0.1 507 0 507 507 0 0
20 0.1 1404.0 0.0 1404 507 507.0 1
30 0.1 1615.0 0.0 1615 507 955.5 2
40 0.1 1577.0 0.0 1615 507 1175.3333333333333 3
50 0.1 1211.0 0.0 1615 507 1275.75 4
60 0.1 1364.0 0.0 1615 507 1262.8 5
70 0.1 478.0 0.0 1615 478 1279.6666666666667 6
80 0.1 623.0 0.0 1615 478 1165.142857142857 7
90 0.1 824.0 0.0 1615 478 1097.375 8
100 0.1 2188.0 0.0 2188 478 1067.0 9
110 0.1 2603.0 0.0 2603 478 1179.1 10
120 0.1 2553.0 0.0 2603 478 1308.5454545454545 11
130 0.1 2492.0 0.0 2603 478 1412.25 12
140 0.1 2568.0 0.0 2603 478 1495.3076923076924 13
150 0.1 2087.0 0.0 2603 478 1571.9285714285713 14
160 0.1 1716.0 0.0 2603 478 1606.2666666666667 15
170 0.1 1953.0 0.0 2603 478 1613.125 16
180 0.1 1326.0 0.0 2603 478 1633.1176470588234 17
190 0.1 1010.0 0.0 2603 478 1616.0555555555557 18
200 0.1 876.0 0.0 2603 478 1584.157894736842 19
210 0.1 682.0 0.0 2603 478 1548.75 20
220 0.1 1328.0 0.0 2603 478 1507.4761904761904 21
230 0.1 2364.0 0.0 2603 478 1499.3181818181818 22
240 0.1 2522.0 0.0 2603 478 1536.9130434782608 23
250 0.1 2670.0 0.0 2670 478 1577.9583333333333 24
260 0.1 2482.0 0.0 2670 478 1621.64 25
267 0.1 1650.0 0.0 2670 478 1654.7307692307693 26
