0 4.4 92.24108331853694 138.33666756660648 601.526123046875 8.118896484375 0 0
10 14 105.01345563616071 116.80209400929213 603.0498046875 7.81298828125 92.24108331853694 44
20 17.8 547.2477684449614 361.41004363337055 1552.26904296875 7.81298828125 101.95919269064198 184
30 17.8 1116.397812061095 501.5216574961615 2513.1220703125 7.81298828125 320.91324375215817 362
40 14.4 2537.6055484347853 422.32726519911694 3486.736083984375 7.81298828125 583.1285273799188 540
50 16.7 3715.588620123035 588.5788481414658 5110.0751953125 7.81298828125 994.5973739177854 684
60 10.5 6236.361390904017 2080.2053771899455 9690.447021484375 7.81298828125 1528.5639286960188 851
70 7.6 12584.647287469163 1653.8110032493466 15851.18701171875 7.81298828125 2045.6337336456422 956
80 8.8 16210.591522216799 457.9862778369317 17302.3701171875 7.81298828125 2821.7626387721803 1032
90 21.8 9128.793955391708 4441.432973482129 17302.3701171875 7.81298828125 3873.742051042829 1120
100 23.9 5484.656979357346 438.0314622975408 17302.3701171875 7.81298828125 4729.946322453932 1338
110 23.9 5799.454758392717 613.2616503203541 17302.3701171875 7.81298828125 4844.325426448806 1577
120 22.3 6377.946873686239 574.7283347899918 17302.3701171875 7.81298828125 4970.028020245388 1816
130 21.2 6104.900675071863 780.5123932720949 17302.3701171875 7.81298828125 5124.008355859567 2039
140 19.3 6406.815921763682 824.4555662052207 17302.3701171875 7.81298828125 5216.389151804927 2251
150 16.9 6953.53326957748 692.1003274576876 17302.3701171875 7.81298828125 5310.395848450606 2444
160 20.2 7805.468714950107 893.0732944025989 17302.3701171875 7.81298828125 5416.668417976224 2613
170 22.5 5779.806777343748 480.9198647233749 17302.3701171875 7.81298828125 5588.084993460673 2815
180 15.1 6200.199491993481 561.7432098318008 17302.3701171875 7.81298828125 5602.274928123072 3040
190 10.6 9380.41846394089 1378.9869557497832 17302.3701171875 7.81298828125 5630.569070756864 3191
200 6.7 13334.449728894588 1547.4147427772364 17302.3701171875 7.81298828125 5751.128377908064 3297
210 9.7 16421.015886759025 485.2608656849109 18317.458984375 7.81298828125 5902.1636129009585 3364
220 19.3 9113.851586534569 2658.721591783883 18317.458984375 7.81298828125 6196.971087782274 3461
230 21.9 5885.460976517909 298.33956332618203 18317.458984375 7.81298828125 6351.037299128522 3654
240 21.5 5291.3071027888855 167.03238314109623 18317.458984375 7.81298828125 6324.711139910417 3873
250 24.4 4947.087245253264 297.327885597823 18317.458984375 7.81298828125 6270.361367899377 4088
260 31.4 3643.2071914186904 977.4597179220666 18317.458984375 7.81298828125 6195.82792239484 4332
267 9.7 1306.9907226562502 385.4716392962729 18317.458984375 7.81298828125 6023.309000843719 4646
