10 0.1 320 0 320 320 0 0
20 0.1 715.0 0.0 715 320 320.0 1
30 0.1 782.0 0.0 782 320 517.5 2
40 0.1 784.0 0.0 784 320 605.6666666666666 3
50 0.1 708.0 0.0 784 320 650.25 4
60 0.1 938.0 0.0 938 320 661.8 5
70 0.1 301.0 0.0 938 301 707.8333333333334 6
80 0.1 375.0 0.0 938 301 649.7142857142857 7
90 0.1 460.0 0.0 938 301 615.375 8
100 0.1 1032.0 0.0 1032 301 598.1111111111111 9
110 0.1 1166.0 0.0 1166 301 641.5 10
120 0.1 1121.0 0.0 1166 301 689.1818181818181 11
130 0.1 1102.0 0.0 1166 301 725.1666666666666 12
140 0.1 1220.0 0.0 1220 301 754.1538461538462 13
150 0.1 945.0 0.0 1220 301 787.4285714285714 14
160 0.1 781.0 0.0 1220 301 797.9333333333333 15
170 0.1 877.0 0.0 1220 301 796.875 16
180 0.1 635.0 0.0 1220 301 801.5882352941177 17
190 0.1 518.0 0.0 1220 301 792.3333333333334 18
200 0.1 470.0 0.0 1220 301 777.8947368421053 19
210 0.1 329.0 0.0 1220 301 762.5000000000001 20
220 0.1 615.0 0.0 1220 301 741.8571428571429 21
230 0.1 1043.0 0.0 1220 301 736.0909090909091 22
240 0.1 1123.0 0.0 1220 301 749.4347826086956 23
250 0.1 1225.0 0.0 1225 301 765.0 24
260 0.1 1105.0 0.0 1225 301 783.4 25
267 0.1 899.0 0.0 1225 301 795.7692307692307 26
