10 0.3 9697.428304036459 1081.9760326184942 10794.3359375 8225.06787109375 0 0
20 0.1 23003.450927734375 0.0 23003.450927734375 8225.06787109375 9697.428304036459 3
30 0.2 25687.265869140625 1890.366943359375 27577.6328125 8225.06787109375 13023.933959960938 4
40 0.4 30254.323486328125 2341.294801796409 34142.23095703125 8225.06787109375 17245.044596354168 6
50 0.1 43773.708984375 0.0 43773.708984375 8225.06787109375 22448.75615234375 10
60 0 0 0 43773.708984375 8225.06787109375 24387.388227982956 11
70 0.2 61411.33898925781 3971.3109130859375 65382.64990234375 8225.06787109375 24387.388227982956 11
80 0 0 0 65382.64990234375 8225.06787109375 30083.380652794473 13
90 0.1 81711.47192382813 0.0 81711.47192382813 8225.06787109375 30083.380652794473 13
100 0.1 82968.63208007813 0.0 82968.63208007813 8225.06787109375 33771.1014578683 14
110 0.1 97199.05688476563 0.0 97199.05688476563 8225.06787109375 37050.936832682295 15
120 0.1 105971.19799804688 0.0 105971.19799804688 8225.06787109375 40810.1943359375 16
130 0 0 0 105971.19799804688 8225.06787109375 44643.1945513557 17
140 0 0 0 105971.19799804688 8225.06787109375 44643.1945513557 17
150 0.3 133070.8984375 2511.8692278894237 136618.50610351563 8225.06787109375 44643.1945513557 17
160 0.2 139695.83154296875 3135.220458984375 142831.05200195313 8225.06787109375 57907.350134277345 20
170 0.1 153032.7900390625 0.0 153032.7900390625 8225.06787109375 65342.66662597656 22
180 0 0 0 153032.7900390625 8225.06787109375 69155.28068741508 23
190 0 0 0 153032.7900390625 8225.06787109375 69155.28068741508 23
200 0 0 0 153032.7900390625 8225.06787109375 69155.28068741508 23
210 0 0 0 153032.7900390625 8225.06787109375 69155.28068741508 23
220 0.2 194301.10998535156 4114.2659912109375 198415.3759765625 8225.06787109375 69155.28068741508 23
230 0.3 205898.66341145834 3722.2859565239332 209159.32202148438 8225.06787109375 79166.94703125 25
240 0.9 210472.138671875 3036.7161752416755 215083.24096679688 8225.06787109375 92745.34521484375 28
250 1 214736.5199707031 2630.1466037988157 219423.17407226563 8225.06787109375 121381.59227195945 37
260 5.2 217978.316410945 4638.03950296879 231901.41088867188 8225.06787109375 141244.34284616023 47
267 5.4 214430.7299714265 4317.92770656742 234630.31396484375 8225.06787109375 181549.05623372397 99
