0 23.6671875 23.6671875
10 83.59765625 107.26484375
20 109.10703125 216.371875
30 110.8328125 327.2046875
40 87.43046875 414.63515625
50 102.578125 517.21328125
60 76.678125 593.89140625
70 48.19140625 642.0828125
80 56.27265625 698.35546875
90 136.22265625 834.578125
100 147.34296875 981.92109375
110 145.528125 1127.44921875
120 134.0265625 1261.47578125
130 130.634375 1392.11015625
140 117.64921875 1509.759375
150 98.78515625 1608.54453125
160 115.73984375 1724.284375
170 120.62421875 1844.90859375
180 85.46953125 1930.378125
190 65.46171875 1995.83984375
200 43.59375 2039.43359375
210 59.421875 2098.85546875
220 117.84375 2216.69921875
230 133.61015625 2350.309375
240 128.42734375 2478.73671875
250 144.08671875 2622.8234375
260 173.046875 2795.8703125
267 23.109375 2818.9796875
