0 303.61875 303.61875
10 1087.4984375 1391.1171875
20 1426.184375 2817.3015625
30 1496.87890625 4314.18046875
40 855.61953125 5169.8
50 975.8171875 6145.6171875
60 491.69765625 6637.31484375
70 316.8890625 6954.20390625
80 603.34140625 7557.5453125
90 1482.58203125 9040.12734375
100 2495.53046875 11535.6578125
110 2396.5453125 13932.203125
120 2347.37265625 16279.57578125
130 2351.19921875 18630.775
140 2032.11796875 20662.89296875
150 1360.7515625 22023.64453125
160 1882.92890625 23906.5734375
170 1453.21328125 25359.78671875
180 841.56953125 26201.35625
190 633.33671875 26834.69296875
200 553.48828125 27388.18125
210 974.240625 28362.421875
220 2046.44765625 30408.86953125
230 2271.59375 32680.46328125
240 2209.934375 34890.39765625
250 2353.2265625 37243.62421875
260 1974.80859375 39218.4328125
267 175.3671875 39393.8
