0 0.2 27.0059814453125 11.1829833984375 38.18896484375 15.822998046875 0 0
10 0.6 106.5164794921875 124.04885081027315 378.573974609375 15.822998046875 27.0059814453125 2
20 0.9 496.21503363715277 319.1805148673623 1236.16015625 15.822998046875 86.63885498046875 8
30 0.6 848.0666910807291 399.0863712330368 1705.88623046875 15.822998046875 303.4733025045956 17
40 0.5 2393.831591796875 437.9060518267562 3140.552001953125 15.822998046875 445.5411430027174 23
50 1 3705.0388427734374 526.1533847565706 4596.454833984375 15.822998046875 793.4501517159598 28
60 0.2 6594.294921875 2400.988037109375 8995.282958984375 15.822998046875 1559.6577019942433 38
70 0.5 11414.805810546875 1238.0933993663555 13868.05908203125 15.822998046875 1811.3895629882813 40
80 0.2 16899.1025390625 250.494384765625 17149.596923828125 15.822998046875 2878.435812717014 45
90 1.9 8654.176025390625 4194.624905155071 17149.596923828125 15.822998046875 3475.0599287317154 47
100 4.3 5423.400072674418 426.09087333073654 17149.596923828125 15.822998046875 4966.017592921402 66
110 4.1 6007.902855849848 544.3188530997969 17149.596923828125 15.822998046875 5146.452883099198 109
120 0.3 6150.72802734375 228.25336557967887 17149.596923828125 15.822998046875 5381.9158756510415 150
130 0 0 0 17149.596923828125 15.822998046875 5396.990623723448 153
140 0 0 0 17149.596923828125 15.822998046875 5396.990623723448 153
150 0 0 0 17149.596923828125 15.822998046875 5396.990623723448 153
160 0 0 0 17149.596923828125 15.822998046875 5396.990623723448 153
170 0 0 0 17149.596923828125 15.822998046875 5396.990623723448 153
180 0 0 0 17149.596923828125 15.822998046875 5396.990623723448 153
190 0 0 0 17149.596923828125 15.822998046875 5396.990623723448 153
200 0 0 0 17149.596923828125 15.822998046875 5396.990623723448 153
210 0 0 0 17149.596923828125 15.822998046875 5396.990623723448 153
220 0 0 0 17149.596923828125 15.822998046875 5396.990623723448 153
230 0 0 0 17149.596923828125 15.822998046875 5396.990623723448 153
240 0 0 0 17149.596923828125 15.822998046875 5396.990623723448 153
250 0 0 0 17149.596923828125 15.822998046875 5396.990623723448 153
260 0 0 0 17149.596923828125 15.822998046875 5396.990623723448 153
267 0 0 0 17149.596923828125 15.822998046875 5396.990623723448 153
