10 0.3 38.063639322916664 14.350573491408415 56.447998046875 21.427001953125 0 0
20 0.1 1131.038818359375 0.0 1131.038818359375 21.427001953125 38.063639322916664 3
30 0.2 965.1116943359375 130.1605224609375 1131.038818359375 21.427001953125 311.30743408203125 4
40 0.4 1979.4432983398438 20.991702259345026 2008.819091796875 21.427001953125 529.2421875 6
50 0.1 4541.7587890625 0.0 4541.7587890625 21.427001953125 1109.3226318359375 10
60 0 0 0 4541.7587890625 21.427001953125 1421.3622824928977 11
70 0.2 12848.327392578125 512.301513671875 13360.62890625 21.427001953125 1421.3622824928977 11
80 0 0 0 13360.62890625 21.427001953125 3179.356914813702 13
90 0.1 4491.363037109375 0.0 13360.62890625 21.427001953125 3179.356914813702 13
100 0.1 5721.85302734375 0.0 13360.62890625 21.427001953125 3273.0716378348216 14
110 0.1 5840.198974609375 0.0 13360.62890625 21.427001953125 3436.32373046875 15
120 0.1 6656.22509765625 0.0 13360.62890625 21.427001953125 3586.565933227539 16
130 0 0 0 13360.62890625 21.427001953125 3767.1341193704043 17
140 0 0 0 13360.62890625 21.427001953125 3767.1341193704043 17
150 0.3 6608.207682291667 507.23081297542063 13360.62890625 21.427001953125 3767.1341193704043 17
160 0.2 7081.95947265625 849.28466796875 13360.62890625 21.427001953125 4193.295153808594 20
170 0.1 5338.012939453125 0.0 13360.62890625 21.427001953125 4455.9010009765625 22
180 0 0 0 13360.62890625 21.427001953125 4494.253693953804 23
190 0 0 0 13360.62890625 21.427001953125 4494.253693953804 23
200 0 0 0 13360.62890625 21.427001953125 4494.253693953804 23
210 0 0 0 13360.62890625 21.427001953125 4494.253693953804 23
220 0.2 9658.293334960938 3677.5784912109375 13360.62890625 21.427001953125 4494.253693953804 23
230 0.3 5812.560302734375 347.44292203250285 13360.62890625 21.427001953125 4907.376865234375 25
240 0.9 5194.701551649306 148.74211378581694 13360.62890625 21.427001953125 5004.360804966518 28
250 1 4714.29892578125 209.36898490348042 13360.62890625 21.427001953125 5050.65990551098 37
260 4.1 2988.190310594512 1056.7607674058613 13360.62890625 21.427001953125 4979.093739611038 47
267 6.5 1279.285208834135 373.86224946747944 13360.62890625 21.427001953125 4051.5137329101563 88
