0 0.2 54.324462890625 3.177490234375 57.501953125 51.14697265625 0 0
10 0.7 83.58510044642857 37.97165854320176 150.697021484375 41.201904296875 54.324462890625 2
20 0.8 402.39697265625 146.54074845038443 606.51904296875 41.201904296875 77.08273654513889 9
30 0.7 885.4852818080357 584.5228613091347 1811.0029296875 41.201904296875 230.17178883272058 17
40 0.7 2606.70849609375 432.3166999333392 3154.185791015625 41.201904296875 421.3048909505208 24
50 0.9 3795.4784071180557 578.4882078534464 4561.656005859375 41.201904296875 914.7831243699596 31
60 0.7 4899.462506975447 1807.7915687739903 8727.493896484375 41.201904296875 1562.9395629882813 40
70 0.3 14475.338704427084 76.25572634137276 14557.56396484375 41.201904296875 2059.8685120927526 47
80 0.8 16391.911346435547 406.27381431652066 16865.052978515625 41.201904296875 2804.7967236328127 50
90 2.4 8022.612406412762 4835.117835228573 16865.052978515625 41.201904296875 4678.881499191811 58
100 6.1 5377.969218269722 421.67807803543013 16865.052978515625 41.201904296875 5657.534447646723 82
110 0.8 6008.449249267578 497.25648949482553 16865.052978515625 41.201904296875 5538.279349800589 143
120 0.2 6109.219482421875 108.1474609375 16865.052978515625 41.201904296875 5563.189013348509 151
130 0 0 0 16865.052978515625 41.201904296875 5570.326666539011 153
140 0 0 0 16865.052978515625 41.201904296875 5570.326666539011 153
150 0 0 0 16865.052978515625 41.201904296875 5570.326666539011 153
160 0 0 0 16865.052978515625 41.201904296875 5570.326666539011 153
170 0 0 0 16865.052978515625 41.201904296875 5570.326666539011 153
180 0 0 0 16865.052978515625 41.201904296875 5570.326666539011 153
190 0 0 0 16865.052978515625 41.201904296875 5570.326666539011 153
200 0 0 0 16865.052978515625 41.201904296875 5570.326666539011 153
210 0 0 0 16865.052978515625 41.201904296875 5570.326666539011 153
220 0 0 0 16865.052978515625 41.201904296875 5570.326666539011 153
230 0 0 0 16865.052978515625 41.201904296875 5570.326666539011 153
240 0 0 0 16865.052978515625 41.201904296875 5570.326666539011 153
250 0 0 0 16865.052978515625 41.201904296875 5570.326666539011 153
260 0 0 0 16865.052978515625 41.201904296875 5570.326666539011 153
267 0 0 0 16865.052978515625 41.201904296875 5570.326666539011 153
