0 0.2 353.22607421875 14.990966796875 368.217041015625 338.235107421875 0 0
10 0.8 149.91146850585938 109.25095234590157 396.426025390625 39.967041015625 353.22607421875 2
20 0.7 557.9169921875 435.48785839592966 1472.47607421875 39.967041015625 190.5743896484375 10
30 0.7 1259.093017578125 409.7328304267041 1733.89892578125 39.967041015625 341.8331083409926 17
40 1.1 2731.9788041548295 398.2537143711105 3486.875 39.967041015625 609.3672485351563 24
50 1.2 3839.5740763346353 626.5672011100087 5110.195068359375 39.967041015625 1276.4737374441963 35
60 0.9 7104.360188802083 1110.263374874356 9096.64501953125 39.967041015625 1930.8823346077127 47
70 0.8 13533.433685302734 1406.9101922109317 14775.11181640625 39.967041015625 2762.3341326032364 56
80 0.3 16555.856608072918 650.5215355651098 17266.23291015625 39.967041015625 4108.721576690674 64
90 4.9 8510.39414760045 4041.0385603246104 17266.23291015625 39.967041015625 4666.055981080924 67
100 3.5 5720.867640904017 408.80143098398247 17266.23291015625 39.967041015625 6289.957447972792 116
110 0.2 6000.48193359375 118.52490234375 17266.23291015625 39.967041015625 6158.049214546255 151
120 0 0 0 17266.23291015625 39.967041015625 6155.9895115272675 153
130 0 0 0 17266.23291015625 39.967041015625 6155.9895115272675 153
140 0 0 0 17266.23291015625 39.967041015625 6155.9895115272675 153
150 0 0 0 17266.23291015625 39.967041015625 6155.9895115272675 153
160 0 0 0 17266.23291015625 39.967041015625 6155.9895115272675 153
170 0 0 0 17266.23291015625 39.967041015625 6155.9895115272675 153
180 0 0 0 17266.23291015625 39.967041015625 6155.9895115272675 153
190 0 0 0 17266.23291015625 39.967041015625 6155.9895115272675 153
200 0 0 0 17266.23291015625 39.967041015625 6155.9895115272675 153
210 0 0 0 17266.23291015625 39.967041015625 6155.9895115272675 153
220 0 0 0 17266.23291015625 39.967041015625 6155.9895115272675 153
230 0 0 0 17266.23291015625 39.967041015625 6155.9895115272675 153
240 0 0 0 17266.23291015625 39.967041015625 6155.9895115272675 153
250 0 0 0 17266.23291015625 39.967041015625 6155.9895115272675 153
260 0 0 0 17266.23291015625 39.967041015625 6155.9895115272675 153
267 0 0 0 17266.23291015625 39.967041015625 6155.9895115272675 153
