10 0.3 364.6707356770833 79.40561718917733 476.572021484375 300.568115234375 0 0
20 0.7 954.4158761160714 249.09514642765848 1290.83203125 300.568115234375 364.6707356770833 3
30 0.5 1133.566845703125 310.6012215949459 1679.884033203125 300.568115234375 777.492333984375 10
40 0.2 2636.7154541015625 18.4163818359375 2655.1318359375 300.568115234375 896.183837890625 15
50 0 0 0 2655.1318359375 300.568115234375 1100.9522633272059 17
60 0.1 5803.837890625 0.0 5803.837890625 300.568115234375 1100.9522633272059 17
70 0.3 12375.1630859375 1476.9450534883238 14347.759033203125 300.568115234375 1362.2236870659722 18
80 0 0 0 14347.759033203125 300.568115234375 2935.5007440476193 21
90 0.1 10665.379150390625 0.0 14347.759033203125 300.568115234375 2935.5007440476193 21
100 0.1 6070.85693359375 0.0 14347.759033203125 300.568115234375 3286.8588534268465 22
110 0 0 0 14347.759033203125 300.568115234375 3407.902248216712 23
120 0.1 7326.01318359375 0.0 14347.759033203125 300.568115234375 3407.902248216712 23
130 0.2 6473.350341796875 655.00146484375 14347.759033203125 300.568115234375 3571.1568705240884 24
140 0.5 5934.50029296875 309.1403568553133 14347.759033203125 300.568115234375 3794.4025221604566 26
150 0.7 7409.09783063616 723.0471469700016 14347.759033203125 300.568115234375 4139.579581968246 31
160 0.7 8402.556745256696 872.4441917692709 14347.759033203125 300.568115234375 4741.859259354441 38
170 1 6151.578955078125 552.5269934611284 14347.759033203125 300.568115234375 5311.301090494791 45
180 1.9 6336.1930509868425 490.13391942622866 14347.759033203125 300.568115234375 5464.078884055398 55
190 2.6 9478.082397460938 1295.834631061177 14347.759033203125 300.568115234375 5688.000089078336 74
200 2.5 13468.6357421875 1467.153892661739 15828.7080078125 300.568115234375 6673.421489257813 100
210 2.1 16520.04454985119 503.3573278904509 18317.56005859375 300.568115234375 8032.46433984375 125
220 0.5 12230.15673828125 1919.9214070717942 18317.56005859375 300.568115234375 9253.280671420163 146
230 0.2 5812.8441162109375 16.2420654296875 18317.56005859375 300.568115234375 9351.85272661424 151
240 0 0 0 18317.56005859375 300.568115234375 9305.59117615145 153
250 0 0 0 18317.56005859375 300.568115234375 9305.59117615145 153
260 0 0 0 18317.56005859375 300.568115234375 9305.59117615145 153
267 0 0 0 18317.56005859375 300.568115234375 9305.59117615145 153
