10 0.3 659.909423828125 459.9421438333146 1310.188232421875 321.60693359375 0 0
20 0.1 4430.409912109375 0.0 4430.409912109375 321.60693359375 659.909423828125 3
30 0.2 8145.636962890625 259.94091796875 8405.577880859375 321.60693359375 1602.5345458984375 4
40 0.5 13356.29541015625 1009.6659634572128 15319.0458984375 321.60693359375 3783.5686848958335 6
50 0.2 24247.953491210938 81.2174072265625 24329.1708984375 321.60693359375 8134.80810546875 11
60 0 0 0 24329.1708984375 321.60693359375 10613.753549429086 13
70 0 0 0 24329.1708984375 321.60693359375 10613.753549429086 13
80 0.1 48933.662841796875 0.0 48933.662841796875 321.60693359375 10613.753549429086 13
90 0.1 56064.39501953125 0.0 56064.39501953125 321.60693359375 13350.889927455357 14
100 0.1 62696.529052734375 0.0 62696.529052734375 321.60693359375 16198.45693359375 15
110 0.1 66538.97094726563 0.0 66538.97094726563 321.60693359375 19104.58644104004 16
120 0 0 0 66538.97094726563 321.60693359375 21894.844353170956 17
130 0.1 75708.92700195313 0.0 75708.92700195313 321.60693359375 21894.844353170956 17
140 0.3 69395.3417154948 864.209277027849 75708.92700195313 321.60693359375 24884.515611436633 18
150 0.1 60073.2451171875 0.0 75708.92700195313 321.60693359375 31243.205054873513 21
160 0.1 65139.48486328125 0.0 75708.92700195313 321.60693359375 32553.66142134233 22
170 0 0 0 75708.92700195313 321.60693359375 33970.43635360054 23
180 0 0 0 75708.92700195313 321.60693359375 33970.43635360054 23
190 0.1 67470.63598632813 0.0 75708.92700195313 321.60693359375 33970.43635360054 23
200 0 0 0 75708.92700195313 321.60693359375 35366.27800496419 24
210 0.1 78938.5498046875 0.0 78938.5498046875 321.60693359375 35366.27800496419 24
220 0.6 84167.64147949219 834.3274189057627 85457.52294921875 321.60693359375 37109.16887695312 25
230 0.6 82545.6270345052 513.6398343717061 85457.52294921875 321.60693359375 46217.26034841229 31
240 0.9 78947.78540039063 1001.5944139515171 85457.52294921875 321.60693359375 52108.34683804898 37
250 1.7 76687.74194335938 900.948853239656 85457.52294921875 321.60693359375 57359.5413393767 46
260 8.6 63484.15801576128 7962.258164201128 85457.52294921875 321.60693359375 62575.08753410218 63
267 0.4 42316.903747558594 3514.5997296588557 85457.52294921875 321.60693359375 63099.78593291212 149
