0 0.2 357.7579345703125 16.7730712890625 374.531005859375 340.98486328125 0 0
10 0.4 949.2750244140625 194.29487431293344 1263.929931640625 340.98486328125 357.7579345703125 2
20 0.7 4291.011579241072 1061.6070950590354 5062.615966796875 340.98486328125 752.1026611328125 6
30 0.4 8234.102783203125 643.6179380615886 8988.967041015625 340.98486328125 2657.669001652644 13
40 0 0 0 8988.967041015625 340.98486328125 3969.771067899816 17
50 0.5 21325.62939453125 1940.5173002558217 24286.199951171875 340.98486328125 3969.771067899816 17
60 0.1 34147.527099609375 0.0 34147.527099609375 340.98486328125 7914.2843239524145 22
70 0 0 0 34147.527099609375 340.98486328125 9054.860096807066 23
80 0 0 0 34147.527099609375 340.98486328125 9054.860096807066 23
90 0 0 0 34147.527099609375 340.98486328125 9054.860096807066 23
100 0.1 61284.85107421875 0.0 61284.85107421875 340.98486328125 9054.860096807066 23
110 0.4 68564.36547851563 319.5854844241577 68796.78784179688 340.98486328125 11231.109720865885 24
120 0.7 72307.35672433036 798.2709361590993 73143.8701171875 340.98486328125 19421.574829101563 28
130 0.4 75079.5795288086 906.3959342230327 76013.77416992188 340.98486328125 29998.73120814732 35
140 0.8 69069.94262695313 2826.13341422795 76013.77416992188 340.98486328125 34622.407958984375 39
150 1.3 60586.157414362984 1079.5430432239116 76013.77416992188 340.98486328125 40485.818115234375 47
160 2.2 64382.8114901456 492.8421869298483 76013.77416992188 340.98486328125 44840.891630045575 60
170 6 64713.7770304362 480.003440601857 76013.77416992188 340.98486328125 50083.8457388529 82
180 0.9 65132.43478732639 771.5161401928995 76013.77416992188 340.98486328125 56265.5068479726 142
190 0.2 70480.43908691406 337.7589111328125 76013.77416992188 340.98486328125 56793.999241708916 151
200 0 0 0 76013.77416992188 340.98486328125 56972.90695210376 153
210 0 0 0 76013.77416992188 340.98486328125 56972.90695210376 153
220 0 0 0 76013.77416992188 340.98486328125 56972.90695210376 153
230 0 0 0 76013.77416992188 340.98486328125 56972.90695210376 153
240 0 0 0 76013.77416992188 340.98486328125 56972.90695210376 153
250 0 0 0 76013.77416992188 340.98486328125 56972.90695210376 153
260 0 0 0 76013.77416992188 340.98486328125 56972.90695210376 153
267 0 0 0 76013.77416992188 340.98486328125 56972.90695210376 153
