0 0.4 431.1636962890625 124.99989041210378 601.64990234375 309.199951171875 0 0
10 0.7 383.03683035714283 93.84793030701712 603.171875 304.241943359375 431.1636962890625 4
20 1 804.1744873046875 426.795457093246 1472.834228515625 304.241943359375 400.53750887784093 11
30 1 1592.194287109375 334.3816088375365 2143.921142578125 304.241943359375 592.745593843006 21
40 1.8 2728.011949327257 381.6525758232451 3396.761962890625 304.241943359375 915.1483981224799 31
50 1.8 4088.221638997396 579.4118337098666 4915.5 304.241943359375 1581.0982740752552 49
60 2.5 6618.826503906251 1976.773658652983 9486.004150390625 304.241943359375 2254.65380494986 67
70 2.4 12666.025787353516 1658.373399349076 15851.305908203125 304.241943359375 3440.5702992314878 92
80 2.8 16247.48965890067 361.16745586909974 17101.89501953125 304.241943359375 5349.285227808459 116
90 0.9 16099.811794704861 401.3490495072302 17101.89501953125 304.241943359375 7468.380533854167 144
100 0 0 0 17101.89501953125 304.241943359375 7976.111784492443 153
110 0 0 0 17101.89501953125 304.241943359375 7976.111784492443 153
120 0 0 0 17101.89501953125 304.241943359375 7976.111784492443 153
130 0 0 0 17101.89501953125 304.241943359375 7976.111784492443 153
140 0 0 0 17101.89501953125 304.241943359375 7976.111784492443 153
150 0 0 0 17101.89501953125 304.241943359375 7976.111784492443 153
160 0 0 0 17101.89501953125 304.241943359375 7976.111784492443 153
170 0 0 0 17101.89501953125 304.241943359375 7976.111784492443 153
180 0 0 0 17101.89501953125 304.241943359375 7976.111784492443 153
190 0 0 0 17101.89501953125 304.241943359375 7976.111784492443 153
200 0 0 0 17101.89501953125 304.241943359375 7976.111784492443 153
210 0 0 0 17101.89501953125 304.241943359375 7976.111784492443 153
220 0 0 0 17101.89501953125 304.241943359375 7976.111784492443 153
230 0 0 0 17101.89501953125 304.241943359375 7976.111784492443 153
240 0 0 0 17101.89501953125 304.241943359375 7976.111784492443 153
250 0 0 0 17101.89501953125 304.241943359375 7976.111784492443 153
260 0 0 0 17101.89501953125 304.241943359375 7976.111784492443 153
267 0 0 0 17101.89501953125 304.241943359375 7976.111784492443 153
