10 0.3 19.747639973958332 4.30390480127497 24.550048828125 14.10791015625 0 0
20 0.1 583.001953125 0.0 583.001953125 14.10791015625 19.747639973958332 3
30 0.2 1058.3115234375 335.24853515625 1393.56005859375 14.10791015625 160.56121826171875 4
40 0.5 2857.5306640625 202.09733362918706 3169.259033203125 14.10791015625 459.8113199869792 6
50 0 0 0 3169.259033203125 14.10791015625 1549.683749112216 11
60 0.2 4630.5174560546875 561.8155517578125 5192.3330078125 14.10791015625 1549.683749112216 11
70 0 0 0 5192.3330078125 14.10791015625 2023.6581655649038 13
80 0 0 0 5192.3330078125 14.10791015625 2023.6581655649038 13
90 0.2 7117.9013671875 2686.37353515625 9804.27490234375 14.10791015625 2023.6581655649038 13
100 0.1 5444.01708984375 0.0 9804.27490234375 14.10791015625 2702.890592447917 15
110 0.1 5052.26318359375 0.0 9804.27490234375 14.10791015625 2874.2109985351563 16
120 0 0 0 9804.27490234375 14.10791015625 3002.331715303309 17
130 0 0 0 9804.27490234375 14.10791015625 3002.331715303309 17
140 0.3 7203.148030598958 430.26916770393797 9804.27490234375 14.10791015625 3002.331715303309 17
150 0.1 6770.2451171875 0.0 9804.27490234375 14.10791015625 3632.4541625976563 20
160 0.1 8288.697021484375 0.0 9804.27490234375 14.10791015625 3781.872779482887 21
170 0.1 5234.305908203125 0.0 9804.27490234375 14.10791015625 3986.728426846591 22
180 0 0 0 9804.27490234375 14.10791015625 4040.9709260360055 23
190 0 0 0 9804.27490234375 14.10791015625 4040.9709260360055 23
200 0.1 15266.241943359375 0.0 15266.241943359375 14.10791015625 4040.9709260360055 23
210 0 0 0 15266.241943359375 14.10791015625 4508.6905517578125 24
220 0.2 8787.286499023438 1678.4053955078125 15266.241943359375 14.10791015625 4508.6905517578125 24
230 0.7 5882.231410435268 227.63858968248155 15266.241943359375 14.10791015625 4837.813316932092 26
240 0.9 5334.224175347223 158.89724659785261 15266.241943359375 14.10791015625 5059.356548887311 33
250 1.1 4903.127086292614 306.82701382176873 15266.241943359375 14.10791015625 5118.256754557292 42
260 7.4 3023.455424540752 1033.7262668551277 15266.241943359375 14.10791015625 5073.60720076651 53
267 2.6 1372.0270338792068 399.4994841860151 15266.241943359375 12.411865234375 3879.0305752491386 127
