0 0.8 28.67462158203125 55.8045535456139 169.782958984375 1.13916015625 0 0
10 1 1.3379638671875 0.11725629948609442 169.782958984375 1.13916015625 28.67462158203125 8
20 2.6 1.2928842397836542 0.1307261640550305 169.782958984375 1.083984375 13.487589518229166 18
30 6.1 1.245461385758197 0.17483416778976804 169.782958984375 0.882080078125 6.281627308238637 44
40 12.4 1.323748188634072 0.6986937327498525 169.782958984375 0.85986328125 3.355854724702381 105
50 21.7 1.4956110941100236 1.7592117439972235 169.782958984375 0.85986328125 2.2555000938182315 229
60 43.5 1.170180046695401 1.0666101239084658 169.782958984375 0.80810546875 1.8857783159332961 446
70 33.1 1.1754235212896522 0.39407973851290323 169.782958984375 0.80810546875 1.5324465938918836 881
80 0 0 0 169.782958984375 0.80810546875 1.4349427679584361 1212
90 0 0 0 169.782958984375 0.80810546875 1.4349427679584361 1212
100 0 0 0 169.782958984375 0.80810546875 1.4349427679584361 1212
110 0 0 0 169.782958984375 0.80810546875 1.4349427679584361 1212
120 0 0 0 169.782958984375 0.80810546875 1.4349427679584361 1212
130 0 0 0 169.782958984375 0.80810546875 1.4349427679584361 1212
140 0 0 0 169.782958984375 0.80810546875 1.4349427679584361 1212
150 0 0 0 169.782958984375 0.80810546875 1.4349427679584361 1212
150 0 0 0 169.782958984375 0.80810546875 1.4349427679584361 1212
