0 0.1 2.7743589477273867 0 2.7743589477273867 2.7743589477273867 0 0
10 0.1 2.270483711747285 0.0 2.7743589477273867 2.270483711747285 2.7743589477273867 1
20 0.1 0.891089108910891 0.0 2.7743589477273867 0.891089108910891 2.5224213297373357 2
30 0.1 1.5810276679841897 0.0 2.7743589477273867 0.891089108910891 1.9786439227951875 3
40 0.1 1.9900497512437811 0.0 2.7743589477273867 0.891089108910891 1.879239859092438 4
50 0.1 3.5964035964035967 0.0 3.5964035964035967 0.891089108910891 1.9014018375227066 5
60 0.1 5.105105105105105 0.0 5.105105105105105 0.891089108910891 2.1839021306695217 6
70 0.1 10.21021021021021 0.0 10.21021021021021 0.891089108910891 2.6012168413031764 7
80 0.1 5.740181268882175 0.0 10.21021021021021 0.891089108910891 3.5523410124165555 8
90 0.1 2.318548387096774 0.0 10.21021021021021 0.891089108910891 3.795434374246069 9
100 0.1 1.8849206349206349 0.0 10.21021021021021 0.891089108910891 3.6477457755311398 10
110 0.1 1.188118811881188 0.0 10.21021021021021 0.891089108910891 3.4874889445665485 11
120 0.1 1.0869565217391304 0.0 10.21021021021021 0.891089108910891 3.2958747668427684 12
130 0.1 1.2845849802371543 0.0 10.21021021021021 0.891089108910891 3.1259579787578735 13
140 0.1 11.7813383600377 0.0 11.7813383600377 0.891089108910891 2.9944313360063934 14
150 0.1 1.1869436201780417 0.0 11.7813383600377 0.891089108910891 3.5802251376084806 15
