0 0.1 3061.109375 0 3061.109375 3061.109375 0 0
10 0.1 3060.53125 0.0 3061.109375 3060.53125 3061.109375 1
20 0.1 3060.29296875 0.0 3061.109375 3060.29296875 3060.8203125 2
30 0.1 3060.23046875 0.0 3061.109375 3060.23046875 3060.64453125 3
40 0.1 3058.7890625 0.0 3061.109375 3058.7890625 3060.541015625 4
50 0.1 3056.5390625 0.0 3061.109375 3056.5390625 3060.190625 5
60 0.1 3051.57421875 0.0 3061.109375 3051.57421875 3059.58203125 6
70 0.1 3037.37109375 0.0 3061.109375 3037.37109375 3058.438058035714 7
80 0.1 3022.79296875 0.0 3061.109375 3022.79296875 3055.8046875 8
90 0.1 3017.71875 0.0 3061.109375 3017.71875 3052.13671875 9
100 0.1 3017.10546875 0.0 3061.109375 3017.10546875 3048.694921875 10
110 0.1 3017.0078125 0.0 3061.109375 3017.0078125 3045.823153409091 11
120 0.1 3016.8515625 0.0 3061.109375 3016.8515625 3043.421875 12
130 0.1 3016.98046875 0.0 3061.109375 3016.8515625 3041.3780048076924 13
140 0.1 3007.7734375 0.0 3061.109375 3007.7734375 3039.635323660714 14
150 0.1 3017.5078125 0.0 3061.109375 3007.7734375 3037.511197916667 15
