0 1.3 118.30669696514423 100.27178564011199 329.968017578125 11.674072265625 0 0
10 1.5 100.07078450520834 176.23719057631564 712.47998046875 11.47021484375 118.30669696514423 13
20 4.7 79.01780148769946 73.00824247505406 712.47998046875 10.614990234375 108.53745814732143 28
30 10.6 128.73669894236448 117.66646542432233 712.47998046875 10.614990234375 90.03847330729167 75
40 19.3 300.54744550477653 285.62864160073275 1140.75 10.43994140625 112.70152257424039 181
50 25.1 1999.161485892368 862.7935296915653 4358.265869140625 10.43994140625 209.6380549956133 374
60 27.6 3939.142963796422 1602.0572760383075 7957.915771484375 10.43994140625 928.31066484375 625
70 39.3 7949.979769874165 2591.7409345025662 13957.701904296875 10.43994140625 1850.6077952665441 901
80 37.7 14217.240051107634 3842.620311700807 19168.927001953125 10.43994140625 3703.0445696257366 1294
90 19.2 20245.863427480068 2378.4904110340694 24565.48193359375 10.43994140625 6075.188014580061 1671
100 12.2 25483.237502801614 1921.2707049625742 29583.969970703125 10.43994140625 7535.611889661543 1863
110 12 31545.27914835612 2438.785531326787 36394.720947265625 10.43994140625 8638.69013893262 1985
120 11.7 37030.064332098016 3640.204229001056 43789.35302734375 10.43994140625 9944.528942320183 2105
130 9.5 42581.644700863486 6880.159502817154 50232.64208984375 10.43994140625 11370.725000197774 2222
140 6.6 53164.62260668205 1477.561396854265 55428.759033203125 10.43994140625 12650.413119128823 2317
150 4.1 54149.94952243712 656.4689738747153 55428.759033203125 10.43994140625 13772.502009677926 2383
150 0 0 0 55428.759033203125 10.43994140625 14455.453885925092 2424
