10 0.1 265 0 265 265 0 0
20 0.1 100.0 0.0 265 100 265.0 1
30 0.1 286.0 0.0 286 100 182.5 2
40 0.1 636.0 0.0 636 100 217.0 3
50 0.1 1274.0 0.0 1274 100 321.75 4
60 0.1 1730.0 0.0 1730 100 512.2 5
70 0.1 2630.0 0.0 2630 100 715.1666666666666 6
80 0.1 2252.0 0.0 2630 100 988.7142857142857 7
90 0.1 1466.0 0.0 2630 100 1146.625 8
100 0.1 754.0 0.0 2630 100 1182.111111111111 9
110 0.1 501.0 0.0 2630 100 1139.3 10
120 0.1 495.0 0.0 2630 100 1081.2727272727273 11
130 0.1 667.0 0.0 2630 100 1032.4166666666667 12
140 0.1 438.0 0.0 2630 100 1004.3076923076923 13
150 0.1 382.0 0.0 2630 100 963.8571428571429 14
