10 0.1 223 0 223 223 0 0
20 0.1 114.0 0.0 223 114 223.0 1
30 0.1 332.0 0.0 332 114 168.5 2
40 0.1 745.0 0.0 745 114 223.0 3
50 0.1 1476.0 0.0 1476 114 353.5 4
60 0.1 2034.0 0.0 2034 114 578.0 5
70 0.1 3225.0 0.0 3225 114 820.6666666666666 6
80 0.1 2522.0 0.0 3225 114 1164.142857142857 7
90 0.1 1517.0 0.0 3225 114 1333.875 8
100 0.1 843.0 0.0 3225 114 1354.2222222222222 9
110 0.1 607.0 0.0 3225 114 1303.1 10
120 0.1 604.0 0.0 3225 114 1239.8181818181818 11
130 0.1 723.0 0.0 3225 114 1186.8333333333333 12
140 0.1 490.0 0.0 3225 114 1151.1538461538462 13
150 0.1 410.0 0.0 3225 114 1103.9285714285713 14
