0 0.6 43.324300130208336 60.10903912236582 143.58984375 1.06201171875 0 0
10 1 1.7690673828125 0.7388573589674585 143.58984375 0.987060546875 43.324300130208336 6
20 1.2 1.4194742838541667 0.25386050537673327 143.58984375 0.987060546875 17.352279663085938 16
30 1.1 1.290283203125 0.30418876252572447 143.58984375 0.8330078125 10.523934500558036 28
40 2.1 1.2934105282738095 0.26722691179729535 143.58984375 0.795166015625 7.919571314102564 39
50 5.1 1.3409591375612746 0.39340016500244374 143.58984375 0.790771484375 5.6004150390625 60
60 5.2 1.9394578200120192 4.677591210838965 143.58984375 0.77294921875 3.6433677329673424 111
70 0 0 0 143.58984375 0.77294921875 3.0997891104294477 163
80 0 0 0 143.58984375 0.77294921875 3.0997891104294477 163
90 0 0 0 143.58984375 0.77294921875 3.0997891104294477 163
90 0 0 0 143.58984375 0.77294921875 3.0997891104294477 163
