0 0.1 3.866815031249921 0 3.866815031249921 3.866815031249921 0 0
10 0.1 2.561576354679803 0.0 3.866815031249921 2.561576354679803 3.866815031249921 1
20 0.1 1.673228346456693 0.0 3.866815031249921 1.673228346456693 3.214195692964862 2
30 0.1 1.574803149606299 0.0 3.866815031249921 1.574803149606299 2.7005399107954724 3
40 0.1 1.477832512315271 0.0 3.866815031249921 1.477832512315271 2.4191057204981794 4
50 0.1 1.5888778550148956 0.0 3.866815031249921 1.477832512315271 2.2308510788615976 5
60 0.1 3.155818540433925 0.0 3.866815031249921 1.477832512315271 2.123855541553814 6
70 0.1 3.057199211045365 0.0 3.866815031249921 1.477832512315271 2.2712788271081155 7
80 0.1 1.2845849802371543 0.0 3.866815031249921 1.2845849802371543 2.3695188751002716 8
90 0.1 0.9871668311944718 0.0 3.866815031249921 0.9871668311944718 2.2489706645599252 9
