0 0.1 3065.73046875 0 3065.73046875 3065.73046875 0 0
10 0.1 3063.91015625 0.0 3065.73046875 3063.91015625 3065.73046875 1
20 0.1 3063.3828125 0.0 3065.73046875 3063.3828125 3064.8203125 2
30 0.1 3063.2890625 0.0 3065.73046875 3063.2890625 3064.3411458333335 3
40 0.1 3063.15625 0.0 3065.73046875 3063.15625 3064.078125 4
50 0.1 3061.625 0.0 3065.73046875 3061.625 3063.89375 5
60 0.1 3058.97265625 0.0 3065.73046875 3058.97265625 3063.515625 6
70 0.1 3055.48046875 0.0 3065.73046875 3055.48046875 3062.866629464286 7
80 0.1 3056.671875 0.0 3065.73046875 3055.48046875 3061.943359375 8
90 0.1 3056.72265625 0.0 3065.73046875 3055.48046875 3061.3576388888887 9
