0 1.3 210.01648888221155 164.2498952032522 503.734130859375 12.10595703125 0 0
10 2.6 165.88667179987985 189.98382430924227 622.39501953125 11.050048828125 210.01648888221155 13
20 3.6 173.1607191297743 170.16485540543135 622.39501953125 10.783935546875 180.59661082732373 39
30 2.5 121.137939453125 132.61898243063646 622.39501953125 8.914794921875 177.0273828125 75
40 5.2 179.74723933293268 246.11133082275563 1039.871826171875 8.914794921875 163.05502197265625 100
50 10.6 439.12883485038327 445.74538280185044 1693.488037109375 8.914794921875 168.7655173853824 152
60 14 1879.9969447544634 1379.901835865518 5124.182861328125 8.914794921875 279.8450199097626 258
70 8.6 1712.3312988281252 1638.3344505507464 5201.56982421875 8.914794921875 842.7125311616675 398
80 0.4 121.17901611328125 112.87015286078376 5201.56982421875 8.914794921875 997.2315683916578 484
90 0.1 47.715087890625 0.0 5201.56982421875 8.914794921875 990.0508097664252 488
90 0 0 0 5201.56982421875 8.914794921875 988.1237428505237 489
