0 1.8 151.64598253038199 154.3746242057113 490.951171875 11.356201171875 0 0
10 3.4 126.82977653952206 171.84638865556963 602.633056640625 8.72705078125 151.64598253038199 18
20 4.9 133.328199736926 156.34864582727272 602.633056640625 8.72705078125 135.42000169020434 52
30 3.1 87.97490864415323 116.50718744375557 602.633056640625 8.72705078125 134.40516707920793 101
40 6.8 137.43148265165442 185.3626593245276 791.841796875 8.2900390625 123.50109123461175 132
50 14.4 340.51549445258223 332.70634008958245 1298.473876953125 8.24609375 128.23742431640625 200
60 19.7 1469.282493010391 896.5381503485057 3561.56494140625 8.24609375 217.09801181527064 344
70 10.5 1128.709616815477 962.0408115092617 3561.56494140625 8.24609375 673.0690705868764 541
80 0.5 96.922998046875 105.60610779446053 3561.56494140625 8.24609375 747.1282924970978 646
90 0.1 47.715087890625 0.0 3561.56494140625 8.24609375 742.1343962263588 651
90 0 0 0 3561.56494140625 8.24609375 741.0693359375003 652
