0 0.2 3831.739990234375 1258.987060546875 5090.72705078125 2572.7529296875 0 0
10 0.8 6128.4892578125 1929.3899559514016 9016.64501953125 2572.7529296875 3831.739990234375 2
20 1.2 6599.319580078125 3377.5731952828082 11552.595947265625 1868.75 5669.139404296875 10
30 0.7 6279.77117047991 3902.5120874801805 13183.4970703125 982.047119140625 6176.510409268466 22
40 1.5 6868.6009765625 4090.700669457976 17463.0810546875 982.047119140625 6201.435420595366 29
50 2.6 6679.787006084735 2849.6933298579725 17463.0810546875 982.047119140625 6428.87822376598 44
60 3.4 8478.8213967716 3101.849726853361 18654.1640625 982.047119140625 6522.072914341518 70
70 5.5 12500.06014737216 3010.840213852031 22162.924072265625 982.047119140625 7161.779148982121 104
80 0.3 19741.961344401043 1580.0012292492527 22162.924072265625 982.047119140625 9008.354337104462 159
90 0.1 33303.93701171875 0.0 33303.93701171875 982.047119140625 9207.124837239584 162
90 0 0 0 33303.93701171875 982.047119140625 9354.958040763995 163
