0 0.5 23.84833984375 23.55825256869741 70.953857421875 11.48388671875 0 0
10 0.8 15.3995361328125 6.498275997019681 70.953857421875 8.8310546875 23.84833984375 5
20 1.2 16.931355794270832 18.362095185133647 77.50390625 8.8310546875 18.649076021634617 13
30 0.7 13.007289341517858 3.2621981081492386 77.50390625 8.8310546875 17.8245703125 25
40 1.6 64.40997314453125 93.7183971331408 317.6611328125 8.3798828125 16.770790100097656 32
50 3.5 203.46458565848215 232.82616256444436 807.658935546875 8.344970703125 32.65051778157552 48
60 4.9 1406.2064632493623 818.6093346649128 2818.899169921875 8.344970703125 104.68054640436748 83
70 3 1225.167374674479 732.2544502670497 2818.899169921875 8.344970703125 587.8227428089489 132
80 0.1 11.4150390625 0.0 2818.899169921875 8.344970703125 705.8495264877507 162
90 0 0 0 2818.899169921875 8.344970703125 701.5891922090682 163
90 0 0 0 2818.899169921875 8.344970703125 701.5891922090682 163
