0 0.2 74.9541015625 30.9150390625 105.869140625 44.0390625 0 0
10 0.8 123.3536376953125 139.5497899984895 369.906982421875 40.593994140625 74.9541015625 2
20 1.2 75.52994791666667 61.80653521215588 369.906982421875 40.593994140625 113.67373046875 10
30 0.7 82.72269112723214 77.59987441776939 369.906982421875 39.096923828125 92.86803089488636 22
40 1.5 94.45125325520833 98.56497234257155 369.906982421875 37.0859375 90.41915577855603 29
50 2.4 331.37401326497394 409.4080235168238 1298.628173828125 37.0859375 91.7937344637784 44
60 3.5 1809.7191685267858 1005.5700385141598 3561.6650390625 37.0859375 176.3514799230239 68
70 5.6 836.5712411063058 1001.2519112494485 3561.6650390625 36.402099609375 731.3793352738168 103
80 0.3 56.238688151041664 7.090275952418541 3561.6650390625 36.402099609375 768.4280568248821 159
90 0.1 47.85107421875 0.0 3561.6650390625 36.402099609375 755.2393648124036 162
90 0 0 0 3561.6650390625 36.402099609375 750.8995593486388 163
