0 0.5 351.0767578125 70.76056911200692 491.10400390625 304.058837890625 0 0
10 0.8 380.6651306152344 117.46128135931085 602.78515625 301.177001953125 351.0767578125 5
20 1.3 355.47740760216345 104.00176561631116 602.78515625 300.613037109375 369.2849872295673 13
30 0.6 305.8621012369792 9.614064000849083 602.78515625 298.677001953125 362.38119741586536 26
40 1.6 413.3223571777344 157.6602852748418 791.98681640625 298.677001953125 351.7838668823242 32
50 3.8 673.444535104852 230.64426645661754 1229.788818359375 298.677001953125 372.29669698079425 48
60 5.7 1801.7473872669957 767.629206238824 3241.69580078125 298.677001953125 505.3620208030523 86
70 1.9 1838.0798339843755 737.487651533653 3241.69580078125 298.677001953125 1022.1030410019667 143
80 0.1 305.10009765625 0.0 3241.69580078125 298.677001953125 1117.8040228949653 162
90 0 0 0 3241.69580078125 298.677001953125 1112.818109243194 163
90 0 0 0 3241.69580078125 298.677001953125 1112.818109243194 163
