0 0.8 21.379425048828125 44.545599979978036 137.4990234375 1.220947265625 0 0
10 1.3 1.4912109375 0.2468530773320572 137.4990234375 1.06982421875 21.379425048828125 8
20 3.1 1.4182050151209677 0.23623707935909768 137.4990234375 0.97900390625 9.06767345610119 21
30 6.5 1.2773925781250004 0.25367771386779914 137.4990234375 0.892822265625 4.507413423978365 52
40 12.7 1.3632697157972447 0.2994864793602122 137.4990234375 0.824951171875 2.7129573985042734 117
50 5.4 1.2585901331018519 0.2556879725346325 137.4990234375 0.824951171875 2.0104560226690578 244
60 0 0 0 137.4990234375 0.824951171875 1.8742118681837252 298
70 0 0 0 137.4990234375 0.824951171875 1.8742118681837252 298
80 0 0 0 137.4990234375 0.824951171875 1.8742118681837252 298
90 0 0 0 137.4990234375 0.824951171875 1.8742118681837252 298
94 0 0 0 137.4990234375 0.824951171875 1.8742118681837252 298
