0 0.1 7.324056112424449 0 7.324056112424449 7.324056112424449 0 0
10 0.1 2.0648967551622417 0.0 7.324056112424449 2.0648967551622417 7.324056112424449 1
20 0.1 0.9910802775024776 0.0 7.324056112424449 0.9910802775024776 4.694476433793345 2
30 0.1 1.2909632571996028 0.0 7.324056112424449 0.9910802775024776 3.460011048363056 3
40 0.1 2.380952380952381 0.0 7.324056112424449 0.9910802775024776 2.917749100572193 4
50 0.1 3.286852589641434 0.0 7.324056112424449 0.9910802775024776 2.8103897566482305 5
60 0.1 1.5952143569292123 0.0 7.324056112424449 0.9910802775024776 2.889800228813764 6
70 0.1 1.483679525222552 0.0 7.324056112424449 0.9910802775024776 2.7048593899731137 7
80 0.1 11.534795042897999 0.0 11.534795042897999 0.9910802775024776 2.5522119068792937 8
90 0.1 0.9891196834817012 0.0 11.534795042897999 0.9891196834817012 3.550276699770261 9
94 0.1 0.8893280632411068 0.0 11.534795042897999 0.8893280632411068 3.2941609981414053 10
