0 0.1 3067.4453125 0 3067.4453125 3067.4453125 0 0
10 0.1 3066.921875 0.0 3067.4453125 3066.921875 3067.4453125 1
20 0.1 3066.9296875 0.0 3067.4453125 3066.921875 3067.18359375 2
30 0.1 3066.296875 0.0 3067.4453125 3066.296875 3067.0989583333335 3
40 0.1 3064.30078125 0.0 3067.4453125 3064.30078125 3066.8984375 4
50 0.1 3060.4921875 0.0 3067.4453125 3060.4921875 3066.37890625 5
60 0.1 3056.7109375 0.0 3067.4453125 3056.7109375 3065.3977864583335 6
70 0.1 3055.68359375 0.0 3067.4453125 3055.68359375 3064.156808035714 7
80 0.1 3055.3828125 0.0 3067.4453125 3055.3828125 3063.09765625 8
90 0.1 3055.31640625 0.0 3067.4453125 3055.31640625 3062.2404513888887 9
94 0.1 3055.234375 0.0 3067.4453125 3055.234375 3061.548046875 10
