0 0.6 2872.9332275390625 1641.9828570927089 6517.738037109375 1759.5380859375 0 0
10 1.1 2421.408380681818 1573.4135847099333 6517.738037109375 620.696044921875 2872.9332275390625 6
20 2 3153.018591308594 1566.4674341732484 7043.878173828125 620.696044921875 2580.770091337316 17
30 3 5026.170727539062 2401.860268599461 13438.551025390625 620.696044921875 2890.093604835304 37
40 3.7 10626.261817725928 3358.225137834194 21641.039794921875 620.696044921875 3846.5460478369864 67
50 2.9 15986.718960466056 2075.6157379759675 21641.039794921875 620.696044921875 6258.560312124399 104
60 2.9 21896.102707435344 2529.97163841098 31139.407958984375 620.696044921875 8379.737761762806 133
70 4.5 29896.192572699652 2547.1239841536217 36662.241943359375 620.696044921875 10799.333955741224 162
80 4.5 37692.29143880208 3440.9723091125893 43733.34716796875 620.696044921875 14950.824959427839 207
90 4.6 44735.79044773269 3070.2400304027246 55874.224853515625 620.696044921875 19011.80111645895 252
94 0 0 0 55874.224853515625 620.696044921875 22982.618261554897 298
