0 1.1 13.499644886363637 38.689539610963116 135.844970703125 1.010009765625 0 0
10 0.5 1.578564453125 0.7137434265315031 135.844970703125 1.010009765625 13.499644886363637 11
20 1.4 1.2777797154017858 0.12858843506440434 135.844970703125 1.010009765625 9.774307250976563 16
30 2 1.359033203125 0.14305920683677303 135.844970703125 1.010009765625 5.809261067708333 30
40 4 1.553826904296875 1.1779139772277378 135.844970703125 0.908935546875 4.029169921875 50
50 4.6 1.2464440387228264 0.2067516003024151 135.844970703125 0.849853515625 2.9290174696180555 90
60 0.6 1.5502115885416667 0.8179459074859546 135.844970703125 0.849853515625 2.359911750344669 136
70 0 0 0 135.844970703125 0.849853515625 2.3256990674515845 142
80 0 0 0 135.844970703125 0.849853515625 2.3256990674515845 142
90 0 0 0 135.844970703125 0.849853515625 2.3256990674515845 142
100 0 0 0 135.844970703125 0.849853515625 2.3256990674515845 142
110 0 0 0 135.844970703125 0.849853515625 2.3256990674515845 142
120 0 0 0 135.844970703125 0.849853515625 2.3256990674515845 142
130 0 0 0 135.844970703125 0.849853515625 2.3256990674515845 142
140 0 0 0 135.844970703125 0.849853515625 2.3256990674515845 142
150 0 0 0 135.844970703125 0.849853515625 2.3256990674515845 142
160 0 0 0 135.844970703125 0.849853515625 2.3256990674515845 142
170 0 0 0 135.844970703125 0.849853515625 2.3256990674515845 142
180 0 0 0 135.844970703125 0.849853515625 2.3256990674515845 142
190 0 0 0 135.844970703125 0.849853515625 2.3256990674515845 142
200 0 0 0 135.844970703125 0.849853515625 2.3256990674515845 142
210 0 0 0 135.844970703125 0.849853515625 2.3256990674515845 142
220 0 0 0 135.844970703125 0.849853515625 2.3256990674515845 142
230 0 0 0 135.844970703125 0.849853515625 2.3256990674515845 142
240 0 0 0 135.844970703125 0.849853515625 2.3256990674515845 142
250 0 0 0 135.844970703125 0.849853515625 2.3256990674515845 142
251 0 0 0 135.844970703125 0.849853515625 2.3256990674515845 142
