0 0.1 10.277662996362103 0 10.277662996362103 10.277662996362103 0 0
10 0.1 2.65748031496063 0.0 10.277662996362103 2.65748031496063 10.277662996362103 1
20 0.1 2.2794846382556986 0.0 10.277662996362103 2.2794846382556986 6.4675716556613665 2
30 0.1 1.9801980198019802 0.0 10.277662996362103 1.9801980198019802 5.071542649859477 3
40 0.1 2.65748031496063 0.0 10.277662996362103 1.9801980198019802 4.298706492345103 4
50 0.1 3.251231527093596 0.0 10.277662996362103 1.9801980198019802 3.970461256868208 5
60 0.1 2.7559055118110236 0.0 10.277662996362103 1.9801980198019802 3.8505896352391056 6
70 0.1 1.9743336623889436 0.0 10.277662996362103 1.9743336623889436 3.6942061890350937 7
80 0.1 1.0912698412698412 0.0 10.277662996362103 1.0912698412698412 3.479222123204325 8
90 0.1 2.167487684729064 0.0 10.277662996362103 1.0912698412698412 3.2138940918782715 9
100 0.1 2.0812685827552033 0.0 10.277662996362103 1.0912698412698412 3.1092534511633505 10
110 0.1 2.270483711747285 0.0 10.277662996362103 1.0912698412698412 3.0158002813080644 11
120 0.1 2.171767028627838 0.0 10.277662996362103 1.0912698412698412 2.953690567177999 12
130 0.1 1.7857142857142856 0.0 10.277662996362103 1.0912698412698412 2.893542602674141 13
140 0.1 2.3692003948667324 0.0 10.277662996362103 1.0912698412698412 2.8144120086055797 14
150 0.1 2.2682445759368837 0.0 10.277662996362103 1.0912698412698412 2.784731234356323 15
160 0.1 1.4895729890764648 0.0 10.277662996362103 1.0912698412698412 2.752450818205108 16
170 0.1 1.5857284440039643 0.0 10.277662996362103 1.0912698412698412 2.6781638870798936 17
180 0.1 1.4792899408284024 0.0 10.277662996362103 1.0912698412698412 2.6174730291312307 18
190 0.1 1.678183613030602 0.0 10.277662996362103 1.0912698412698412 2.5575686560626605 19
200 0.1 1.4851485148514851 0.0 10.277662996362103 1.0912698412698412 2.5135994039110576 20
210 0.1 1.6765285996055226 0.0 10.277662996362103 1.0912698412698412 2.4646255520510785 21
220 0.1 1.6881827209533267 0.0 10.277662996362103 1.0912698412698412 2.428802963303553 22
230 0.1 2.1653543307086616 0.0 10.277662996362103 1.0912698412698412 2.3966020832013695 23
240 0.1 2.270483711747285 0.0 10.277662996362103 1.0912698412698412 2.3869667601808398 24
250 0.1 2.564102564102564 0.0 10.277662996362103 1.0912698412698412 2.3823074382434974 25
