0 0.1 3065.5703125 0 3065.5703125 3065.5703125 0 0
10 0.1 3062.6328125 0.0 3065.5703125 3062.6328125 3065.5703125 1
20 0.1 3057.3828125 0.0 3065.5703125 3057.3828125 3064.1015625 2
30 0.1 3055.84375 0.0 3065.5703125 3055.84375 3061.8619791666665 3
40 0.1 3053.2890625 0.0 3065.5703125 3053.2890625 3060.357421875 4
50 0.1 3048.2109375 0.0 3065.5703125 3048.2109375 3058.94375 5
60 0.1 3042.71875 0.0 3065.5703125 3042.71875 3057.1549479166665 6
70 0.1 3038.0234375 0.0 3065.5703125 3038.0234375 3055.0926339285716 7
80 0.1 3033.65625 0.0 3065.5703125 3033.65625 3052.958984375 8
90 0.1 3029.9140625 0.0 3065.5703125 3029.9140625 3050.8142361111113 9
100 0.1 3024.8359375 0.0 3065.5703125 3024.8359375 3048.72421875 10
110 0.1 3020.125 0.0 3065.5703125 3020.125 3046.552556818182 11
120 0.1 3016.625 0.0 3065.5703125 3016.625 3044.3502604166665 12
130 0.1 3013.36328125 0.0 3065.5703125 3013.36328125 3042.217548076923 13
140 0.1 3010.22265625 0.0 3065.5703125 3010.22265625 3040.1565290178573 14
150 0.1 3008.66015625 0.0 3065.5703125 3008.66015625 3038.1609375 15
160 0.1 3007.09765625 0.0 3065.5703125 3007.09765625 3036.317138671875 16
170 0.1 3007.34765625 0.0 3065.5703125 3007.09765625 3034.598345588235 17
180 0.1 3007.12890625 0.0 3065.5703125 3007.09765625 3033.084418402778 18
190 0.1 3006.3984375 0.0 3065.5703125 3006.3984375 3031.7183388157896 19
200 0.1 3006.41015625 0.0 3065.5703125 3006.3984375 3030.45234375 20
210 0.1 3006.6640625 0.0 3065.5703125 3006.3984375 3029.3074776785716 21
220 0.1 3006.67578125 0.0 3065.5703125 3006.3984375 3028.278231534091 22
230 0.1 3005.109375 0.0 3065.5703125 3005.109375 3027.3389945652175 23
240 0.1 3004.7578125 0.0 3065.5703125 3004.7578125 3026.4127604166665 24
250 0.1 3005.734375 0.0 3065.5703125 3004.7578125 3025.5465625 25
