0 4.9 497.8135662468112 919.1426822192886 3544.10888671875 11.7421875 0 0
10 16.9 398.2690920857989 292.74277153422423 3544.10888671875 11.7421875 497.8135662468112 49
20 15.2 776.0406108655429 460.45831286782055 3544.10888671875 11.7421875 420.6437674706136 218
30 12.4 1206.457651445943 604.2897696872076 3544.10888671875 11.7421875 566.6446328652873 370
40 13.4 2866.1323041773567 967.7203475627016 5561.7470703125 11.7421875 727.2454715373548 494
50 7.2 6225.867658827042 2241.2038475070494 11281.28515625 11.7421875 1183.6321523872914 628
60 10.8 9303.687230993202 2936.851618745341 15860.676025390625 11.7421875 1702.262090192523 700
70 3.6 14733.986050075955 4150.768043849413 20895.72900390625 11.7421875 2718.294163467862 808
80 9 17973.846044921866 5299.769364314416 24198.3369140625 11.7421875 3230.8118268776857 844
90 20.5 8064.882806545344 5563.041645470961 24198.3369140625 11.7421875 4651.446815768452 934
100 20.5 6488.784440501145 1641.1024996716721 24198.3369140625 11.7421875 5265.805356689666 1139
110 20.4 5922.931251675472 1094.860025156693 24198.3369140625 11.7421875 5452.346065157934 1344
120 18.1 6331.020123392179 935.6904457755406 24198.3369140625 11.7421875 5514.361167257145 1548
130 18.9 7212.034306278935 1020.3775637965341 24198.3369140625 11.7421875 5599.85293767961 1729
140 18.9 6543.706709604414 1204.7886498241212 24198.3369140625 11.7421875 5758.717525096332 1918
150 18.9 6029.843246217758 1366.5665806738637 24198.3369140625 11.7421875 5829.131837327954 2107
160 13.7 7594.314750727077 2117.328560426399 24198.3369140625 11.7421875 5845.653813059736 2296
170 12.6 8428.691704644098 2850.5815732903825 24198.3369140625 11.7421875 5944.119307700273 2433
180 8.9 10972.34863555565 2599.348774056751 24198.3369140625 11.7421875 6066.454642602548 2559
190 10.8 11654.746552643952 3450.010660811145 24198.3369140625 11.7421875 6231.343073634582 2648
200 10.4 10873.418525108924 1782.4358808865115 24198.3369140625 11.7421875 6443.871221578346 2756
210 17.6 8662.308231700552 1858.0902204650993 24198.3369140625 11.7421875 6604.945668979458 2860
220 21.2 5388.842387649251 345.563105776661 24198.3369140625 11.7421875 6724.213063919811 3036
230 20.6 5256.666846414214 336.46228720537226 24198.3369140625 11.7421875 6637.052170025304 3248
240 24 4647.043238321944 392.6869343203321 24198.3369140625 11.7421875 6554.724614534892 3454
250 28.2 2312.8948827432396 1009.4167716072229 24198.3369140625 11.7421875 6430.782132052188 3694
251 0 0 0 24198.3369140625 11.7421875 6138.718700385909 3976
