10 0.1 559 0 559 559 0 0
20 0.1 2127.0 0.0 2127 559 559.0 1
30 0.1 1503.0 0.0 2127 559 1343.0 2
40 0.1 1137.0 0.0 2127 559 1396.3333333333333 3
50 0.1 1493.0 0.0 2127 559 1331.5 4
60 0.1 908.0 0.0 2127 559 1363.8 5
70 0.1 787.0 0.0 2127 559 1287.8333333333333 6
80 0.1 479.0 0.0 2127 479 1216.2857142857142 7
90 0.1 1399.0 0.0 2127 479 1124.125 8
100 0.1 2528.0 0.0 2528 479 1154.6666666666667 9
110 0.1 2441.0 0.0 2528 479 1292.0 10
120 0.1 2299.0 0.0 2528 479 1396.4545454545455 11
130 0.1 2015.0 0.0 2528 479 1471.6666666666667 12
140 0.1 2170.0 0.0 2528 479 1513.4615384615386 13
150 0.1 2193.0 0.0 2528 479 1560.357142857143 14
160 0.1 1562.0 0.0 2528 479 1602.5333333333333 15
170 0.1 1519.0 0.0 2528 479 1.6e3 16
180 0.1 808.0 0.0 2528 479 1595.235294117647 17
190 0.1 921.0 0.0 2528 479 1551.5 18
200 0.1 1179.0 0.0 2528 479 1518.3157894736842 19
210 0.1 1193.0 0.0 2528 479 1501.35 20
220 0.1 2248.0 0.0 2528 479 1486.6666666666667 21
230 0.1 2346.0 0.0 2528 479 1521.2727272727273 22
240 0.1 2331.0 0.0 2528 479 1557.1304347826087 23
250 0.1 2399.0 0.0 2528 479 1589.375 24
