0 5.9 413.420546709481 856.0934159601194 3544.10888671875 11.7421875 0 0
10 19.7 341.6485044217957 243.6432237032508 3544.10888671875 11.7421875 413.420546709481 59
20 17.1 697.1310978047329 365.0460336950302 3544.10888671875 11.7421875 358.18971729278564 256
30 14.9 1087.648712772651 459.82029019837967 3544.10888671875 11.7421875 493.925024242535 427
40 15.9 2458.380735001475 441.45399052416525 3607.113037109375 11.7421875 647.509797837999 576
50 10.7 5409.190532363465 1382.1720242785375 7265.48095703125 11.7421875 1039.2492250611183 735
60 13.7 7650.333512132185 765.2718178264271 9319.93408203125 11.7421875 1594.5743080555972 842
70 7.5 10706.01229817708 1103.0382813313765 12395.63916015625 11.7421875 2442.0094571449663 979
80 13.2 12585.060589414656 1546.259636257635 15077.7470703125 11.7421875 3030.0552001026595 1054
90 25.4 4914.277311069759 1234.4051955850819 15077.7470703125 11.7421875 4093.5127982385643 1186
100 21.4 5864.993431020003 392.89585987693687 15077.7470703125 11.7421875 4238.286538696289 1440
110 20.8 5714.532510610725 299.0467037235713 15077.7470703125 11.7421875 4448.755265998148 1654
120 18.6 6204.117242628528 386.06612280369984 15077.7470703125 11.7421875 4590.152509220176 1862
130 19.2 7106.056639353435 629.3614468529713 15077.7470703125 11.7421875 4736.733290672302 2048
140 19.9 6299.142489792714 276.09124935916725 15077.7470703125 11.7421875 4939.818149130685 2240
150 20.8 5678.701514610877 349.11290389853906 15077.7470703125 11.7421875 5050.72653116912 2439
160 16.3 6692.845936781058 509.57699377978724 15077.7470703125 11.7421875 5100.072506445238 2647
170 15.5 6805.08070344002 528.8903171112128 15077.7470703125 11.7421875 5192.464701870412 2810
180 10.6 9663.06702811764 557.0603403774066 15077.7470703125 11.7421875 5276.766718815872 2965
190 11.1 10084.759569872604 733.3851877116689 15077.7470703125 11.7421875 5428.1662084889385 3071
200 10.4 10584.628295898441 736.5411190661528 15077.7470703125 11.7421875 5590.605511793019 3182
210 17.6 8662.308231700552 1858.0902204650993 15077.7470703125 11.7421875 5748.663445313094 3286
220 21.2 5388.842387649251 345.563105776661 15077.7470703125 11.7421875 5896.786346065315 3462
230 20.6 5256.666846414214 336.46228720537226 15077.7470703125 11.7421875 5867.476569477344 3674
240 24 4647.043238321944 392.6869343203321 15077.7470703125 11.7421875 5835.046981087909 3880
250 28.2 2312.8948827432396 1009.4167716072229 15077.7470703125 11.7421875 5765.842879567562 4120
251 0 0 0 15077.7470703125 11.7421875 5544.640849784631 4402
