10 0.1 324 0 324 324 0 0
20 0.1 1047.0 0.0 1047 324 324.0 1
30 0.1 766.0 0.0 1047 324 685.5 2
40 0.1 635.0 0.0 1047 324 712.3333333333334 3
50 0.1 865.0 0.0 1047 324 693.0 4
60 0.1 615.0 0.0 1047 324 727.4 5
70 0.1 452.0 0.0 1047 324 708.6666666666666 6
80 0.1 261.0 0.0 1047 261 672.0 7
90 0.1 692.0 0.0 1047 261 620.625 8
100 0.1 1169.0 0.0 1169 261 628.5555555555555 9
110 0.1 1115.0 0.0 1169 261 682.6 10
120 0.1 1045.0 0.0 1169 261 721.9090909090909 11
130 0.1 896.0 0.0 1169 261 748.8333333333334 12
140 0.1 999.0 0.0 1169 261 760.1538461538462 13
150 0.1 1009.0 0.0 1169 261 777.2142857142857 14
160 0.1 700.0 0.0 1169 261 792.6666666666666 15
170 0.1 731.0 0.0 1169 261 786.875 16
180 0.1 412.0 0.0 1169 261 783.5882352941177 17
190 0.1 472.0 0.0 1169 261 762.9444444444445 18
200 0.1 588.0 0.0 1169 261 747.6315789473684 19
210 0.1 572.0 0.0 1169 261 739.65 20
220 0.1 1040.0 0.0 1169 261 731.6666666666666 21
230 0.1 1084.0 0.0 1169 261 745.6818181818181 22
240 0.1 1098.0 0.0 1169 261 760.3913043478261 23
250 0.1 1201.0 0.0 1201 261 774.4583333333334 24
