10 0.3 14243.1005859375 1167.062622607332 15351.869873046875 12629.930908203125 0 0
20 0.3 21837.860677083332 675.2543105003599 22376.497802734375 12629.930908203125 14243.1005859375 3
30 0.4 26014.62823486328 2924.2246766136855 30433.183837890625 12629.930908203125 18040.480631510418 6
40 0.1 27249.971923828125 0.0 30433.183837890625 12629.930908203125 21230.13967285156 10
50 0 0 0 30433.183837890625 12629.930908203125 21777.39715021307 11
60 0.2 58806.988037109375 6768.254150390625 65575.2421875 12629.930908203125 21777.39715021307 11
70 0 0 0 65575.2421875 12629.930908203125 27474.257286658652 13
80 0 0 0 65575.2421875 12629.930908203125 27474.257286658652 13
90 0.1 92739.9208984375 0.0 92739.9208984375 12629.930908203125 27474.257286658652 13
100 0.2 89405.21594238281 5569.5709228515625 94974.78686523438 12629.930908203125 32136.090401785714 14
110 0.1 90144.41284179688 0.0 94974.78686523438 12629.930908203125 39294.73109436035 16
120 0 0 0 94974.78686523438 12629.930908203125 42285.888844209556 17
130 0 0 0 94974.78686523438 12629.930908203125 42285.888844209556 17
140 0.2 125483.24047851563 1462.571533203125 126945.81201171875 12629.930908203125 42285.888844209556 17
150 0.1 129697.86206054688 0.0 129697.86206054688 12629.930908203125 51043.50480571546 19
160 0 0 0 129697.86206054688 12629.930908203125 54976.222668457034 20
170 0.2 154716.40747070313 503.79150390625 155220.19897460938 12629.930908203125 54976.222668457034 20
180 0.1 159942.36596679688 0.0 159942.36596679688 12629.930908203125 64043.51219593395 22
190 0 0 0 159942.36596679688 12629.930908203125 68213.02757727582 23
200 0.2 180353.2384033203 2941.8714599609375 183295.10986328125 12629.930908203125 68213.02757727582 23
210 0.2 186659.4324951172 490.0804443359375 187149.51293945313 12629.930908203125 77184.24444335938 25
220 0.6 194541.11482747397 5931.232689384674 206111.81616210938 12629.930908203125 85293.51763237847 27
230 0.3 199732.2306315104 2424.496637456051 206111.81616210938 12629.930908203125 105156.71712239583 33
240 1.7 208924.4227366728 3495.9337340813327 217359.59594726563 12629.930908203125 113038.00991482205 36
250 8.9 203761.49825535467 4380.317836443315 217359.59594726563 12629.930908203125 143794.02912183077 53
251 0 0 0 217359.59594726563 12629.930908203125 181379.27386044787 142
