0 33.1484375 33.1484375
10 120.29140625 153.43984375
20 99.35625 252.79609375
30 93.8609375 346.65703125
40 95.77890625 442.4359375
50 74.99375 517.4296875
60 84.7484375 602.178125
70 54.28203125 656.46015625
80 72.40390625 728.8640625
90 169.42578125 898.28984375
100 129.6953125 1027.98515625
110 125.003125 1152.98828125
120 114.56796875 1267.55625
130 114.7984375 1382.3546875
140 116.9390625 1499.29375
150 122.115625 1621.409375
160 94.82890625 1716.23828125
170 84.03671875 1800.275
180 60.6625 1860.9375
190 67.1265625 1928.0640625
200 62.846875 1990.9109375
210 108.4515625 2099.3625
220 127.2453125 2226.6078125
230 125.37578125 2351.98359375
240 138.4515625 2490.43515625
250 125.48046875 2615.915625
251 0 2615.915625
