0 407.3109375 407.3109375
10 1634.42890625 2041.73984375
20 1333.4765625 3375.21640625
30 1072.37890625 4447.5953125
40 1105.90859375 5553.50390625
50 537.44140625 6090.9453125
60 781.45546875 6872.40078125
70 291.9796875 7164.38046875
80 970.028125 8134.40859375
90 2335.60859375 10470.0171875
100 2289.334375 12759.3515625
110 2100.41171875 14859.76328125
120 2047.47265625 16907.2359375
130 1821.27578125 18728.51171875
140 1975.06484375 20703.5765625
150 1716.1625 22419.7390625
160 1291.45859375 23711.19765625
170 737.0703125 24448.26796875
180 707.7296875 25155.99765625
190 885.0265625 26041.02421875
200 995.375 27036.39921875
210 1948.13671875 28984.5359375
220 2182.62421875 31167.16015625
230 2165.33828125 33332.4984375
240 2123.3015625 35455.8
250 1219.73515625 36675.53515625
251 0 36675.53515625
