10 0.3 162.19498697916666 32.3543008849436 200.873046875 121.68505859375 0 0
20 0.3 863.7060546875 220.4423098487805 1040.900146484375 121.68505859375 162.19498697916666 3
30 0.4 782.3778076171875 281.85701543045127 1167.942138671875 121.68505859375 512.9505208333334 6
40 0.1 1905.962890625 0.0 1905.962890625 121.68505859375 620.721435546875 10
50 0 0 0 1905.962890625 121.68505859375 737.5615678267045 11
60 0.2 7973.7593994140625 124.3734130859375 8098.1328125 121.68505859375 737.5615678267045 11
70 0 0 0 8098.1328125 121.68505859375 1850.822772686298 13
80 0 0 0 8098.1328125 121.68505859375 1850.822772686298 13
90 0.1 4767.7919921875 0.0 8098.1328125 121.68505859375 1850.822772686298 13
100 0.2 5635.385498046875 296.49951171875 8098.1328125 121.68505859375 2059.177716936384 14
110 0.1 5179.7119140625 0.0 8098.1328125 121.68505859375 2506.2036895751953 16
120 0 0 0 8098.1328125 121.68505859375 2663.468879250919 17
130 0 0 0 8098.1328125 121.68505859375 2663.468879250919 17
140 0.2 5893.3265380859375 13.5675048828125 8098.1328125 121.68505859375 2663.468879250919 17
150 0.1 5125.206787109375 0.0 8098.1328125 121.68505859375 3003.4538959703946 19
160 0 0 0 8098.1328125 121.68505859375 3109.541540527344 20
170 0.2 7025.4591064453125 762.4459228515625 8098.1328125 121.68505859375 3109.541540527344 20
180 0.1 9234.425048828125 0.0 9234.425048828125 121.68505859375 3465.5340465198865 22
190 0 0 0 9234.425048828125 121.68505859375 3716.3553944463315 23
200 0.2 11336.901489257813 552.0274658203125 11888.928955078125 121.68505859375 3716.3553944463315 23
210 0.2 8509.093383789063 1458.0445556640625 11888.928955078125 121.68505859375 4325.99908203125 25
220 0.6 5444.557861328125 364.72708784726524 11888.928955078125 121.68505859375 4635.8579191984945 27
230 0.3 5054.063069661458 202.50999006957642 11888.928955078125 121.68505859375 4782.894272312973 33
240 1.7 4405.282025505515 329.67843330517604 11888.928955078125 121.68505859375 4805.491672092014 36
250 8.9 1695.4542743811446 996.8588058203926 11888.928955078125 16.281005859375 4677.122540168042 53
251 0 0 0 11888.928955078125 16.281005859375 2808.330458090339 142
