0 0.3 48.923990885416664 17.70431569804981 67.9228515625 25.302001953125 0 0
10 1 247.34140625 113.23563630676618 461.903076171875 25.302001953125 48.923990885416664 3
20 0.4 628.89453125 548.4513301091039 1533.49609375 25.302001953125 201.55277193509616 13
30 0.6 909.5546061197916 272.20262578030366 1533.49609375 25.302001953125 302.10377412683823 17
40 1.1 2408.3631702769885 485.0473614665563 3110.533935546875 25.302001953125 460.5692085597826 23
50 0.2 5734.514892578125 1524.385986328125 7258.90087890625 25.302001953125 1090.7378432329963 34
60 0.6 8148.3692626953125 894.3809328629605 9013.099853515625 25.302001953125 1348.7254570855034 36
70 0.5 10686.297900390626 495.4577530841504 11588.35205078125 25.302001953125 2320.1031436011904 42
80 0.7 11598.557407924107 1596.1024474952787 13604.89404296875 25.302001953125 3210.123862408577 47
90 3.6 4750.19186062283 1125.303320661947 13604.89404296875 25.302001953125 4297.513396086516 54
100 3.8 5768.047658819901 415.3599654102894 13604.89404296875 25.302001953125 4478.584781901041 90
110 1.3 5582.4155836838945 234.20825173625002 13604.89404296875 25.302001953125 4861.394073486328 128
120 0.1 6568.65185546875 0.0 13604.89404296875 25.302001953125 4927.871234000997 141
130 0 0 0 13604.89404296875 25.302001953125 4939.426027109926 142
140 0 0 0 13604.89404296875 25.302001953125 4939.426027109926 142
150 0 0 0 13604.89404296875 25.302001953125 4939.426027109926 142
160 0 0 0 13604.89404296875 25.302001953125 4939.426027109926 142
170 0 0 0 13604.89404296875 25.302001953125 4939.426027109926 142
180 0 0 0 13604.89404296875 25.302001953125 4939.426027109926 142
190 0 0 0 13604.89404296875 25.302001953125 4939.426027109926 142
200 0 0 0 13604.89404296875 25.302001953125 4939.426027109926 142
210 0 0 0 13604.89404296875 25.302001953125 4939.426027109926 142
220 0 0 0 13604.89404296875 25.302001953125 4939.426027109926 142
230 0 0 0 13604.89404296875 25.302001953125 4939.426027109926 142
240 0 0 0 13604.89404296875 25.302001953125 4939.426027109926 142
250 0 0 0 13604.89404296875 25.302001953125 4939.426027109926 142
251 0 0 0 13604.89404296875 25.302001953125 4939.426027109926 142
