0 0.3 98.72265625 38.267813081957335 133.257080078125 45.369873046875 0 0
10 1.1 406.55732865767044 219.8757607806224 768.114990234375 45.369873046875 98.72265625 3
20 0.3 551.8150227864584 216.456328257452 856.087890625 45.369873046875 340.59275599888394 14
30 0.8 1207.7541198730469 649.8200663379021 2326.60595703125 45.369873046875 377.8672736672794 17
40 1 2458.81376953125 444.1024321658897 3246.43994140625 45.369873046875 643.431064453125 25
50 0.4 5034.0849609375 1052.645696043993 6442.8369140625 45.369873046875 1162.1118373325892 35
60 1 7570.283862304687 820.4446520729448 8910.921875 45.369873046875 1559.2372859074517 39
70 0.4 11593.492248535156 884.1866793780104 12366.711181640625 45.369873046875 2785.981485172194 49
80 1.4 12706.602068219867 1520.7060340531657 15077.90185546875 45.369873046875 3450.6992786335495 53
90 4.6 4870.502701469091 1187.8130648329472 15077.90185546875 45.369873046875 5384.768518248601 67
100 2.7 5831.779568142361 399.65994806291525 15077.90185546875 45.369873046875 5175.421371594995 113
110 0.2 5611.12646484375 307.529541015625 15077.90185546875 45.369873046875 5302.004738071987 140
120 0 0 0 15077.90185546875 45.369873046875 5306.358565209618 142
130 0 0 0 15077.90185546875 45.369873046875 5306.358565209618 142
140 0 0 0 15077.90185546875 45.369873046875 5306.358565209618 142
150 0 0 0 15077.90185546875 45.369873046875 5306.358565209618 142
160 0 0 0 15077.90185546875 45.369873046875 5306.358565209618 142
170 0 0 0 15077.90185546875 45.369873046875 5306.358565209618 142
180 0 0 0 15077.90185546875 45.369873046875 5306.358565209618 142
190 0 0 0 15077.90185546875 45.369873046875 5306.358565209618 142
200 0 0 0 15077.90185546875 45.369873046875 5306.358565209618 142
210 0 0 0 15077.90185546875 45.369873046875 5306.358565209618 142
220 0 0 0 15077.90185546875 45.369873046875 5306.358565209618 142
230 0 0 0 15077.90185546875 45.369873046875 5306.358565209618 142
240 0 0 0 15077.90185546875 45.369873046875 5306.358565209618 142
250 0 0 0 15077.90185546875 45.369873046875 5306.358565209618 142
251 0 0 0 15077.90185546875 45.369873046875 5306.358565209618 142
