0 0.3 54.071858723958336 7.356516230405783 62.39990234375 44.5078125 0 0
10 1.1 446.87899502840907 201.43497686671066 943.6259765625 44.5078125 54.071858723958336 3
20 0.4 949.1832275390625 245.55708414413562 1253.02587890625 44.5078125 362.70603724888394 14
30 1 1369.2824951171874 583.4862605499329 2298.06787109375 44.5078125 493.0343017578125 18
40 1 2624.2278076171874 459.0077287456781 3190.610107421875 44.5078125 805.9800851004464 28
50 0.9 6005.006537543402 939.8317948525183 7209.85498046875 44.5078125 1284.4663278680098 38
60 0.9 7979.456895616319 691.3520351591355 9118.10595703125 44.5078125 2188.3995595079787 47
70 1.1 10529.62393465909 1359.8277408484971 12395.7900390625 44.5078125 3119.105202811105 56
80 2.2 12551.156594016335 1467.1598326004087 14863.988037109375 44.5078125 4335.757531920476 67
90 4.7 4772.789878033578 938.1728417163919 14863.988037109375 44.5078125 6366.530333786868 89
100 0.6 5677.53662109375 336.7876344436498 14863.988037109375 44.5078125 5815.752382166245 136
110 0 0 0 14863.988037109375 44.5078125 5809.912279585717 142
120 0 0 0 14863.988037109375 44.5078125 5809.912279585717 142
130 0 0 0 14863.988037109375 44.5078125 5809.912279585717 142
140 0 0 0 14863.988037109375 44.5078125 5809.912279585717 142
150 0 0 0 14863.988037109375 44.5078125 5809.912279585717 142
160 0 0 0 14863.988037109375 44.5078125 5809.912279585717 142
170 0 0 0 14863.988037109375 44.5078125 5809.912279585717 142
180 0 0 0 14863.988037109375 44.5078125 5809.912279585717 142
190 0 0 0 14863.988037109375 44.5078125 5809.912279585717 142
200 0 0 0 14863.988037109375 44.5078125 5809.912279585717 142
210 0 0 0 14863.988037109375 44.5078125 5809.912279585717 142
220 0 0 0 14863.988037109375 44.5078125 5809.912279585717 142
230 0 0 0 14863.988037109375 44.5078125 5809.912279585717 142
240 0 0 0 14863.988037109375 44.5078125 5809.912279585717 142
250 0 0 0 14863.988037109375 44.5078125 5809.912279585717 142
251 0 0 0 14863.988037109375 44.5078125 5809.912279585717 142
