10 0.3 3257.4629720052085 705.3420041226307 4239.8310546875 2616.35986328125 0 0
20 0.3 4974.156005859375 1226.195608052101 6649.468017578125 2616.35986328125 3257.4629720052085 3
30 0.5 8243.05615234375 1031.0603784668824 9898.68896484375 2616.35986328125 4115.809488932292 6
40 0 0 0 9898.68896484375 2616.35986328125 5991.830699573864 11
50 0.2 20544.484008789063 810.5599365234375 21355.0439453125 2616.35986328125 5991.830699573864 11
60 0 0 0 21355.0439453125 2616.35986328125 8230.700439453125 13
70 0 0 0 21355.0439453125 2616.35986328125 8230.700439453125 13
80 0.1 53242.62890625 0.0 53242.62890625 2616.35986328125 8230.700439453125 13
90 0.3 56257.41796875 1103.6412215388737 57675.0029296875 2616.35986328125 11445.838187081474 14
100 0 0 0 57675.0029296875 2616.35986328125 19353.76403090533 17
110 0 0 0 57675.0029296875 2616.35986328125 19353.76403090533 17
120 0 0 0 57675.0029296875 2616.35986328125 19353.76403090533 17
130 0.2 67825.79833984375 514.780517578125 68340.57885742188 2616.35986328125 19353.76403090533 17
140 0.1 58861.94091796875 0.0 68340.57885742188 2616.35986328125 24456.08343184622 19
150 0 0 0 68340.57885742188 2616.35986328125 26176.376306152342 20
160 0.3 62711.173014322914 591.9082605705098 68340.57885742188 2616.35986328125 26176.376306152342 20
170 0 0 0 68340.57885742188 2616.35986328125 30941.784572435463 23
180 0.2 68568.94348144531 472.8004150390625 69041.74389648438 2616.35986328125 30941.784572435463 23
190 0.2 71722.40148925781 765.2745361328125 72487.67602539063 2616.35986328125 33951.95728515625 25
200 0.2 75817.18603515625 808.427001953125 76625.61303710938 2616.35986328125 36749.76796694155 27
210 0.4 76989.32330322266 347.29059871699155 77366.14697265625 2616.35986328125 39444.07266130119 29
220 0.3 76399.35994466145 201.07754400934715 77366.14697265625 2616.35986328125 43995.01213304924 33
230 1.2 75009.0633951823 598.6320914901806 77366.14697265625 2616.35986328125 46695.374450683594 36
240 3.7 69995.27225638724 2571.1588903850065 77366.14697265625 2616.35986328125 53773.796686808266 48
250 5.7 54102.788043105815 7244.828832351714 77366.14697265625 2616.35986328125 60834.90958180147 85
251 0 0 0 77366.14697265625 2616.35986328125 58132.5791050011 142
