0 0.5 535.079833984375 88.70723409900387 636.291015625 397.391845703125 0 0
10 1 663.521435546875 218.83772846098762 1043.566162109375 397.391845703125 535.079833984375 5
20 0.9 1037.7349175347222 329.14952893748136 1539.696044921875 397.391845703125 620.707568359375 15
30 1.3 1376.491473858173 411.58560620508405 1957.0390625 397.391845703125 777.0928243001302 24
40 1.4 2576.0456194196427 414.80305901047825 3237.045166015625 397.391845703125 987.6923498205236 37
50 2.4 5359.685485839844 1385.1565484250818 7129.510986328125 397.391845703125 1423.7108944163604 51
60 2 7828.929431152344 653.2397485714235 9059.7041015625 397.391845703125 2683.222763671875 75
70 2.8 10683.928274972099 1050.4961827269922 12313.64013671875 397.391845703125 3766.5294305098682 95
80 1.9 13715.13716848273 971.2870825604837 14916.072998046875 397.391845703125 5341.221850387449 123
90 0 0 0 14916.072998046875 397.391845703125 6461.675308442452 142
100 0 0 0 14916.072998046875 397.391845703125 6461.675308442452 142
110 0 0 0 14916.072998046875 397.391845703125 6461.675308442452 142
120 0 0 0 14916.072998046875 397.391845703125 6461.675308442452 142
130 0 0 0 14916.072998046875 397.391845703125 6461.675308442452 142
140 0 0 0 14916.072998046875 397.391845703125 6461.675308442452 142
150 0 0 0 14916.072998046875 397.391845703125 6461.675308442452 142
160 0 0 0 14916.072998046875 397.391845703125 6461.675308442452 142
170 0 0 0 14916.072998046875 397.391845703125 6461.675308442452 142
180 0 0 0 14916.072998046875 397.391845703125 6461.675308442452 142
190 0 0 0 14916.072998046875 397.391845703125 6461.675308442452 142
200 0 0 0 14916.072998046875 397.391845703125 6461.675308442452 142
210 0 0 0 14916.072998046875 397.391845703125 6461.675308442452 142
220 0 0 0 14916.072998046875 397.391845703125 6461.675308442452 142
230 0 0 0 14916.072998046875 397.391845703125 6461.675308442452 142
240 0 0 0 14916.072998046875 397.391845703125 6461.675308442452 142
250 0 0 0 14916.072998046875 397.391845703125 6461.675308442452 142
251 0 0 0 14916.072998046875 397.391845703125 6461.675308442452 142
