0 0.2 1126.0458984375 21.760986328125 1147.806884765625 1104.284912109375 0 0
10 0.7 3093.382568359375 471.6040482032342 3576.84814453125 1104.284912109375 1126.0458984375 2
20 0.6 5655.9847412109375 1570.8228752993482 7763.072998046875 1104.284912109375 2656.1966417100693 9
30 0.2 8491.243041992188 274.0369873046875 8765.280029296875 1104.284912109375 3856.111881510417 15
40 0.2 16876.927978515625 397.333984375 17274.261962890625 1104.284912109375 4401.42142980239 17
50 0.1 19757.56005859375 0.0 19757.56005859375 1104.284912109375 5714.632645456414 19
60 0 0 0 19757.56005859375 1104.284912109375 6416.779016113282 20
70 0.1 38931.544921875 0.0 38931.544921875 1104.284912109375 6416.779016113282 20
80 0.1 46762.967041015625 0.0 46762.967041015625 1104.284912109375 7965.101202101934 21
90 0.2 55269.83947753906 2004.1973876953125 57274.036865234375 1104.284912109375 9728.640558416193 22
100 0.5 61602.959765625 1632.6464610895266 64327.427001953125 1104.284912109375 13523.7404683431 24
110 0.5 67322.71059570313 1444.2827242537492 69220.2041015625 1104.284912109375 21813.26103683998 29
120 0.2 69436.47094726563 860.906005859375 70297.376953125 1104.284912109375 28505.8271484375 34
130 0.9 67772.32212999131 2125.9200207933877 71593.97998046875 1104.284912109375 30779.751803927953 36
140 1 60071.99545898438 2082.0223411763236 71593.97998046875 1104.284912109375 38178.265869140625 45
150 3.4 60599.00885368796 762.1529077098421 71593.97998046875 1104.284912109375 42158.943976384944 55
160 2.6 62837.43151855469 500.3441735394457 71593.97998046875 1104.284912109375 49203.46314299508 89
170 2.4 63541.50233968099 769.3674854883819 71593.97998046875 1104.284912109375 52285.925558339 115
180 0.3 67620.9950358073 572.2840317375147 71593.97998046875 1104.284912109375 54229.33449900236 139
190 0 0 0 71593.97998046875 1104.284912109375 54512.25690470951 142
200 0 0 0 71593.97998046875 1104.284912109375 54512.25690470951 142
210 0 0 0 71593.97998046875 1104.284912109375 54512.25690470951 142
220 0 0 0 71593.97998046875 1104.284912109375 54512.25690470951 142
230 0 0 0 71593.97998046875 1104.284912109375 54512.25690470951 142
240 0 0 0 71593.97998046875 1104.284912109375 54512.25690470951 142
250 0 0 0 71593.97998046875 1104.284912109375 54512.25690470951 142
251 0 0 0 71593.97998046875 1104.284912109375 54512.25690470951 142
