10 0.5 862.553857421875 119.75487697577321 1027.237060546875 733.169189453125 0 0
20 0.6 944.5613199869791 266.9750384678283 1216.384033203125 444.141845703125 862.553857421875 5
30 0.4 1125.3749389648438 197.70245718885602 1360.998046875 444.141845703125 907.2852006392045 11
40 0.2 2655.4029541015625 14.5780029296875 2669.98095703125 444.141845703125 965.4424641927084 15
50 0 0 0 2669.98095703125 444.141845703125 1164.2613453584559 17
60 0.2 8303.48193359375 338.219970703125 8641.701904296875 444.141845703125 1164.2613453584559 17
70 0 0 0 8641.701904296875 444.141845703125 1915.7582493832238 19
80 0.1 13742.473876953125 0.0 13742.473876953125 444.141845703125 1915.7582493832238 19
90 0.1 5180.968994140625 0.0 13742.473876953125 444.141845703125 2507.094030761719 20
100 0.2 6013.9490966796875 588.7340087890625 13742.473876953125 444.141845703125 2634.421409970238 21
110 0.2 5995.047607421875 212.592529296875 13742.473876953125 444.141845703125 2928.2933827275815 23
120 0.2 6309.376953125 232.3779296875 13742.473876953125 444.141845703125 3173.633720703125 25
130 0.5 7377.944580078125 568.5405090806787 13742.473876953125 444.141845703125 3405.9109971788193 27
140 0.4 6556.820739746094 185.51323815650065 13742.473876953125 444.141845703125 4026.541244506836 32
150 0.6 5884.513997395833 235.164287054057 13742.473876953125 444.141845703125 4307.683410644531 36
160 1.2 6679.0052490234375 470.7384104519321 13742.473876953125 444.141845703125 4532.944923037574 42
170 2 7016.103540039063 542.6200537302024 13742.473876953125 444.141845703125 5009.8472177011 54
180 2.2 9766.14414284446 691.5801554020026 13742.473876953125 444.141845703125 5552.078656170819 74
190 2 10242.708337402344 737.7312533316908 13742.473876953125 444.141845703125 6517.801996866862 96
200 1.9 10772.706273129112 637.8552257118362 13742.473876953125 444.141845703125 7160.027227993669 116
210 0.6 10734.458129882813 489.40067922844537 13742.473876953125 444.141845703125 7668.478352864583 135
220 0.1 5774.322021484375 0.0 13742.473876953125 444.141845703125 7798.945577418551 141
230 0 0 0 13742.473876953125 444.141845703125 7784.687665052817 142
240 0 0 0 13742.473876953125 444.141845703125 7784.687665052817 142
250 0 0 0 13742.473876953125 444.141845703125 7784.687665052817 142
251 0 0 0 13742.473876953125 444.141845703125 7784.687665052817 142
