10 0.3 138.88387044270834 100.51397750402776 280.972900390625 64.286865234375 0 0
20 0.3 770.31005859375 420.0372669228538 1330.425048828125 64.286865234375 138.88387044270834 3
30 0.4 878.5022583007813 247.5527033061267 1330.425048828125 64.286865234375 454.5969645182292 6
40 0.1 2771.876953125 0.0 2771.876953125 64.286865234375 624.15908203125 10
50 0.1 6934.2138671875 0.0 6934.2138671875 64.286865234375 819.4061612215909 11
60 0.1 6620.392822265625 0.0 6934.2138671875 64.286865234375 1328.9734700520833 12
70 0 0 0 6934.2138671875 64.286865234375 1736.0057279146636 13
80 0 0 0 6934.2138671875 64.286865234375 1736.0057279146636 13
90 0.2 4012.1729736328125 349.4029541015625 6934.2138671875 64.286865234375 1736.0057279146636 13
100 0.2 6016.6331787109375 531.1180419921875 6934.2138671875 64.286865234375 2039.4946940104167 15
110 0 0 0 6934.2138671875 64.286865234375 2507.3933392693016 17
120 0 0 0 6934.2138671875 64.286865234375 2507.3933392693016 17
130 0 0 0 6934.2138671875 64.286865234375 2507.3933392693016 17
140 0.2 6634.9591064453125 43.9239501953125 6934.2138671875 64.286865234375 2507.3933392693016 17
150 0.1 5798.001953125 0.0 6934.2138671875 64.286865234375 2941.8739463404604 19
160 0.1 6361.14404296875 0.0 6934.2138671875 64.286865234375 3084.6803466796873 20
170 0.2 6530.9459228515625 7.9410400390625 6934.2138671875 64.286865234375 3240.7024274553573 21
180 0 0 0 6934.2138671875 64.286865234375 3526.81055748981 23
190 0.2 9535.724487304688 239.5975341796875 9775.322021484375 64.286865234375 3526.81055748981 23
200 0.2 10753.449462890625 1094.20849609375 11847.657958984375 64.286865234375 4007.523671875 25
210 0.4 7551.09228515625 1198.2034018713023 11847.657958984375 64.286865234375 4507.221878616898 27
220 0.4 5251.302185058594 253.82317263998135 11847.657958984375 64.286865234375 4899.979350428427 31
230 0.6 5122.739908854167 286.801181433539 11847.657958984375 64.286865234375 4940.130531529018 35
240 2.3 4524.82178795856 404.1748858042235 11847.657958984375 64.286865234375 4966.853855040016 41
250 7.8 2198.5724283854165 954.9851555166873 11847.657958984375 22.281005859375 4807.998580932617 64
251 0 0 0 11847.657958984375 22.281005859375 3374.6518210827467 142
