0 0.1 3.166982133788837 0 3.166982133788837 3.166982133788837 0 0
10 0.1 2.2660098522167487 0.0 3.166982133788837 2.2660098522167487 3.166982133788837 1
20 0.1 1.0901883052527255 0.0 3.166982133788837 1.0901883052527255 2.716495993002793 2
30 0.1 1.6848364717542121 0.0 3.166982133788837 1.0901883052527255 2.1743934304194372 3
40 0.1 1.8054162487462388 0.0 3.166982133788837 1.0901883052527255 2.052004190753131 4
50 0.1 3.8883349950149553 0.0 3.8883349950149553 1.0901883052527255 2.002686602351752 5
60 0.1 5.917753259779338 0.0 5.917753259779338 1.0901883052527255 2.316961334462286 6
70 0.1 11.904761904761903 0.0 11.904761904761903 1.0901883052527255 2.8313601809361506 7
80 0.1 3.911735205616851 0.0 11.904761904761903 1.0901883052527255 3.96553539641437 8
90 0.1 2.613065326633166 0.0 11.904761904761903 1.0901883052527255 3.9595575974368677 9
100 0.1 1.5841584158415842 0.0 11.904761904761903 1.0901883052527255 3.8249083703564977 10
110 0.1 1.2858555885262115 0.0 11.904761904761903 1.0901883052527255 3.6212038290369604 11
120 0.1 1.5732546705998034 0.0 11.904761904761903 1.0901883052527255 3.4265914756610645 12
130 0.1 1.282051282051282 0.0 11.904761904761903 1.0901883052527255 3.284027106040967 13
133 0.1 1.2833168805528135 0.0 11.904761904761903 1.0901883052527255 3.141028832898847 14
