0 0.1 3066.3046875 0 3066.3046875 3066.3046875 0 0
10 0.1 3065.046875 0.0 3066.3046875 3065.046875 3066.3046875 1
20 0.1 3064.4296875 0.0 3066.3046875 3064.4296875 3065.67578125 2
30 0.1 3064.203125 0.0 3066.3046875 3064.203125 3065.2604166666665 3
40 0.1 3062.515625 0.0 3066.3046875 3062.515625 3064.99609375 4
50 0.1 3060.26953125 0.0 3066.3046875 3060.26953125 3064.5 5
60 0.1 3053.109375 0.0 3066.3046875 3053.109375 3063.794921875 6
70 0.1 3036.52734375 0.0 3066.3046875 3036.52734375 3062.2684151785716 7
80 0.1 3027.2265625 0.0 3066.3046875 3027.2265625 3059.05078125 8
90 0.1 3022.2734375 0.0 3066.3046875 3022.2734375 3055.5147569444443 9
100 0.1 3021.94140625 0.0 3066.3046875 3021.94140625 3052.190625 10
110 0.1 3021.89453125 0.0 3066.3046875 3021.89453125 3049.4406960227275 11
120 0.1 3022.12109375 0.0 3066.3046875 3021.89453125 3047.1451822916665 12
130 0.1 3022.125 0.0 3066.3046875 3021.89453125 3045.220252403846 13
133 0.1 3028.73828125 0.0 3066.3046875 3021.89453125 3043.5705915178573 14
