0 0.1 0.01953125 0 0.01953125 0.01953125 0 0
10 0.1 0.01171875 0.0 0.01953125 0.01171875 0.01953125 1
20 0.1 0.01171875 0.0 0.01953125 0.01171875 0.015625 2
30 0.1 0.01171875 0.0 0.01953125 0.01171875 0.014322916666666666 3
40 0.1 0.01171875 0.0 0.01953125 0.01171875 0.013671875 4
50 0.1 0.0 0.0 0.01953125 0.0 0.01328125 5
60 0.1 0.0 0.0 0.01953125 0.0 0.011067708333333334 6
70 0.1 0.0 0.0 0.01953125 0.0 0.009486607142857142 7
80 0.1 0.0 0.0 0.01953125 0.0 0.00830078125 8
90 0.1 0.0 0.0 0.01953125 0.0 0.007378472222222222 9
100 0.1 0.0 0.0 0.01953125 0.0 0.006640625 10
110 0.1 0.0 0.0 0.01953125 0.0 0.006036931818181818 11
120 0.1 0.0703125 0.0 0.0703125 0.0 0.005533854166666667 12
130 0.1 0.05859375 0.0 0.0703125 0.0 0.010516826923076924 13
133 0.1 0.05078125 0.0 0.0703125 0.0 0.013950892857142858 14
