10 0.1 242 0 242 242 0 0
20 0.1 229.0 0.0 242 229 242.0 1
30 0.1 385.0 0.0 385 229 235.5 2
40 0.1 830.0 0.0 830 229 285.3333333333333 3
50 0.1 1249.0 0.0 1249 229 421.5 4
60 0.1 1970.0 0.0 1970 229 587.0 5
70 0.1 2859.0 0.0 2859 229 817.5 6
80 0.1 1844.0 0.0 2859 229 1109.142857142857 7
90 0.1 1520.0 0.0 2859 229 1201.0 8
100 0.1 684.0 0.0 2859 229 1236.4444444444443 9
110 0.1 663.0 0.0 2859 229 1181.2 10
120 0.1 507.0 0.0 2859 229 1134.090909090909 11
130 0.1 512.0 0.0 2859 229 1081.8333333333333 12
133 0.1 521.0 0.0 2859 229 1038.0 13
