0 1.3 92.97361403245192 74.62702658075244 178.361083984375 11.39111328125 0 0
10 4.1 87.15083722370429 84.70700172082918 335.70703125 10.912841796875 92.97361403245192 13
20 5.8 121.30597555226294 109.87005823594126 485.578857421875 10.912841796875 88.5526168258102 54
30 12.9 141.8539225260416 153.19790139720206 605.094970703125 9.735107421875 105.51417759486607 112
40 20.6 536.6070532937654 438.93269099075866 1910.69287109375 9.34912109375 124.96574230906377 241
50 27 2354.4836470992486 920.7259740951388 4041.639892578125 9.34912109375 314.6706865212529 447
60 28.7 5244.501483558358 1738.9183782270763 9102.7041015625 9.34912109375 1082.8010900861884 717
70 37.1 10378.74310483701 1667.7604873659707 13264.732177734375 9.34912109375 2272.4505053516395 1004
80 40.4 14600.346851915416 1407.5144367779346 18277.77197265625 9.34912109375 4459.675635830965 1375
90 13.5 19790.395760995372 1895.8007343585134 23531.822021484375 9.34912109375 6762.559936729289 1779
100 12.1 25499.58984778538 1549.4161752527536 28528.114013671875 9.34912109375 7681.451178252758 1914
110 11.7 31861.929320245727 1945.457842552773 35536.30810546875 9.34912109375 8740.908072116861 2035
120 11.9 38514.0081284467 2103.158508246604 42568.06298828125 9.34912109375 9997.952442949147 2152
130 11.4 44103.24347673383 1325.570299396676 46779.9208984375 9.34912109375 11492.188738226208 2271
133 2.3 43321.27414869226 2271.408046181586 46779.9208984375 9.34912109375 13050.956134532233 2385
