0 0.9 16.91064453125 43.797598126474 140.785888671875 1.070068359375 0 0
10 1.8 1.5489501953125 0.7472269186349343 140.785888671875 1.070068359375 16.91064453125 9
20 3.5 1.2812569754464285 0.24872625993291372 140.785888671875 0.952880859375 6.669514973958333 27
30 7.9 1.4531435423259493 1.1198598392282038 140.785888671875 0.867919921875 3.6277564264112905 62
40 13.8 1.6938441179800725 1.6048045235547295 140.785888671875 0.867919921875 2.4093562998670213 141
50 28.6 1.291026722301136 0.5361950029158946 140.785888671875 0.867919921875 2.055447048611111 279
60 62 1.2463615171370959 1.1345777793670873 140.785888671875 0.85791015625 1.668501538301991 565
70 5.8 1.0833908607219827 0.1798722040585044 140.785888671875 0.85791015625 1.4476350293380795 1185
80 0 0 0 140.785888671875 0.85791015625 1.4306389217115842 1243
90 0 0 0 140.785888671875 0.85791015625 1.4306389217115842 1243
100 0 0 0 140.785888671875 0.85791015625 1.4306389217115842 1243
110 0 0 0 140.785888671875 0.85791015625 1.4306389217115842 1243
120 0 0 0 140.785888671875 0.85791015625 1.4306389217115842 1243
130 0 0 0 140.785888671875 0.85791015625 1.4306389217115842 1243
140 0 0 0 140.785888671875 0.85791015625 1.4306389217115842 1243
141 0 0 0 140.785888671875 0.85791015625 1.4306389217115842 1243
