0 0.1 2.32769115271493 0 2.32769115271493 2.32769115271493 0 0
10 0.1 2.263779527559055 0.0 2.32769115271493 2.263779527559055 2.32769115271493 1
20 0.1 1.2871287128712872 0.0 2.32769115271493 1.2871287128712872 2.295735340136993 2
30 0.1 1.7839444995044598 0.0 2.32769115271493 1.2871287128712872 1.9595331310484243 3
40 0.1 2.4826216484607744 0.0 2.4826216484607744 1.2871287128712872 1.9156359731624333 4
50 0.1 3.8 0.0 3.8 1.2871287128712872 2.0290331082221016 5
60 0.1 8.193484698914116 0.0 8.193484698914116 1.2871287128712872 2.3241942568517513 6
70 0.1 13.333333333333334 0.0 13.333333333333334 1.2871287128712872 3.162664320003518 7
80 0.1 2.5150905432595576 0.0 13.333333333333334 1.2871287128712872 4.433997946669745 8
90 0.1 2.5100401606425704 0.0 13.333333333333334 1.2871287128712872 4.220786012957502 9
100 0.1 1.288404360753221 0.0 13.333333333333334 1.2871287128712872 4.049711427726009 10
110 0.1 1.282051282051282 0.0 13.333333333333334 1.282051282051282 3.7986835125466643 11
120 0.1 1.5732546705998034 0.0 13.333333333333334 1.282051282051282 3.5889641600053825 12
130 0.1 1.185770750988142 0.0 13.333333333333334 1.185770750988142 3.433909583897261 13
140 0.1 1.282051282051282 0.0 13.333333333333334 1.185770750988142 3.2733282386894667 14
