0 0.1 3061.61328125 0 3061.61328125 3061.61328125 0 0
10 0.1 3060.38671875 0.0 3061.61328125 3060.38671875 3061.61328125 1
20 0.1 3060.046875 0.0 3061.61328125 3060.046875 3061.0 2
30 0.1 3059.328125 0.0 3061.61328125 3059.328125 3060.6822916666665 3
40 0.1 3058.59765625 0.0 3061.61328125 3058.59765625 3060.34375 4
50 0.1 3055.71875 0.0 3061.61328125 3055.71875 3059.99453125 5
60 0.1 3045.9921875 0.0 3061.61328125 3045.9921875 3059.2819010416665 6
70 0.1 3026.984375 0.0 3061.61328125 3026.984375 3057.383370535714 7
80 0.1 3017.40625 0.0 3061.61328125 3017.40625 3053.58349609375 8
90 0.1 3013.390625 0.0 3061.61328125 3013.390625 3049.5638020833335 9
100 0.1 3013.1875 0.0 3061.61328125 3013.1875 3045.946484375 10
110 0.1 3012.953125 0.0 3061.61328125 3012.953125 3042.9683948863635 11
120 0.1 3013.0234375 0.0 3061.61328125 3012.953125 3040.4671223958335 12
130 0.1 3013.0 0.0 3061.61328125 3012.953125 3038.3560697115386 13
140 0.1 3013.44921875 0.0 3061.61328125 3012.953125 3036.544921875 14
