0 0.1 0.0 0 0.0 0.0 0 0
10 0.1 0.0 0.0 0.0 0.0 0.0 1
20 0.1 0.078125 0.0 0.078125 0.0 0.0 2
30 0.1 0.0703125 0.0 0.078125 0.0 0.026041666666666668 3
40 0.1 0.05859375 0.0 0.078125 0.0 0.037109375 4
50 0.1 0.05078125 0.0 0.078125 0.0 0.04140625 5
60 0.1 0.0390625 0.0 0.078125 0.0 0.04296875 6
70 0.1 0.109375 0.0 0.109375 0.0 0.04241071428571429 7
80 0.1 0.08984375 0.0 0.109375 0.0 0.05078125 8
90 0.1 0.078125 0.0 0.109375 0.0 0.055121527777777776 9
100 0.1 0.05859375 0.0 0.109375 0.0 0.057421875 10
110 0.1 0.05078125 0.0 0.109375 0.0 0.05752840909090909 11
120 0.1 0.0390625 0.0 0.109375 0.0 0.056966145833333336 12
130 0.1 0.0390625 0.0 0.109375 0.0 0.055588942307692304 13
140 0.1 0.03125 0.0 0.109375 0.0 0.054408482142857144 14
