0 1.6 126.75199890136719 119.0821829681537 407.42578125 12.3779296875 0 0
10 2.9 68.43377896012932 70.72356998459107 407.42578125 11.83203125 126.75199890136719 16
20 7.1 109.21658024317782 98.01966605823432 407.42578125 10.09619140625 89.16914605034722 45
30 14.5 202.68682650862064 179.24338653398175 681.258056640625 9.551025390625 101.43955835802802 116
40 20.6 617.0990144303701 529.1751255209538 2023.420166015625 9.551025390625 157.6880406639128 261
50 29 2654.586734745419 972.7417489757668 5085.514892578125 9.551025390625 360.3404188135706 467
60 27.9 6402.33067403814 1838.0057859775018 10342.696044921875 9.551025390625 1239.245876700276 757
70 43.4 10567.50628240207 1846.7194702426716 15200.93701171875 9.551025390625 2629.690527720801 1036
80 37.8 16129.689330408813 2432.437931561064 19368.691162109375 9.551025390625 4973.236131483843 1470
90 11.7 21482.918920272437 1849.4990139352274 25061.764892578125 9.551025390625 7255.237922173042 1848
100 11.4 27586.618607370478 1809.0669046725498 30814.39599609375 9.551025390625 8102.3822869453725 1965
110 11.9 33576.77698882287 1811.783330806638 37185.551025390625 9.551025390625 9170.781969739244 2079
120 11.8 40466.39393124337 2011.3189962073625 44779.3310546875 9.551025390625 10492.125649116382 2198
130 11.7 46532.48898445847 2228.0235841047825 50827.076171875 9.551025390625 12019.31202963926 2316
140 5.3 51461.94596661262 1318.7591081293594 53208.89599609375 9.551025390625 13679.008578637964 2433
141 0 0 0 53208.89599609375 9.551025390625 14484.51770235585 2486
