10 0.1 267 0 267 267 0 0
20 0.1 194.0 0.0 267 194 267.0 1
30 0.1 439.0 0.0 439 194 230.5 2
40 0.1 827.0 0.0 827 194 300.0 3
50 0.1 1.4e3 0.0 1400 194 431.75 4
60 0.1 2210.0 0.0 2210 194 625.4 5
70 0.1 2971.0 0.0 2971 194 889.5 6
80 0.1 1750.0 0.0 2971 194 1186.857142857143 7
90 0.1 1433.0 0.0 2971 194 1257.25 8
100 0.1 508.0 0.0 2971 194 1276.7777777777778 9
110 0.1 494.0 0.0 2971 194 1199.9 10
120 0.1 507.0 0.0 2971 194 1135.7272727272727 11
130 0.1 529.0 0.0 2971 194 1083.3333333333333 12
140 0.1 509.0 0.0 2971 194 1040.6923076923076 13
