10 0.1 232 0 232 232 0 0
20 0.1 224.0 0.0 232 224 232.0 1
30 0.1 508.0 0.0 508 224 228.0 2
40 0.1 968.0 0.0 968 224 321.3333333333333 3
50 0.1 1634.0 0.0 1634 224 483.0 4
60 0.1 2626.0 0.0 2626 224 713.2 5
70 0.1 3636.0 0.0 3636 224 1032.0 6
80 0.1 1804.0 0.0 3636 224 1404.0 7
90 0.1 1503.0 0.0 3636 224 1454.0 8
100 0.1 603.0 0.0 3636 224 1459.4444444444443 9
110 0.1 599.0 0.0 3636 224 1373.8 10
120 0.1 616.0 0.0 3636 224 1303.3636363636363 11
130 0.1 632.0 0.0 3636 224 1246.0833333333333 12
140 0.1 610.0 0.0 3636 224 1198.8461538461538 13
