0 0.7 1889.0888671875 2201.0452513862515 6858.744140625 210.73486328125 0 0
10 1.2 3611.8548380533853 4849.424940302446 16740.72900390625 210.73486328125 1889.0888671875 7
20 3.5 3408.5396693638395 2933.0464493253694 16740.72900390625 210.73486328125 2977.1515856291117 19
30 6.7 2703.140705165578 2204.5428203182005 16740.72900390625 210.73486328125 3256.754973234954 54
40 8.8 3665.7113397771664 2440.9137321330422 16740.72900390625 210.73486328125 2950.2082297585225 121
50 10.5 6873.3799130394345 2842.121455973184 23179.7939453125 210.73486328125 3251.4726971347936 209
60 10.4 12142.136552077074 2777.4475591180917 23179.7939453125 210.73486328125 4462.620014555136 314
70 9.5 18744.556026418584 3041.3131521096557 25999.217041015625 210.73486328125 6373.313124369206 418
80 9.5 25682.477027652138 2689.4981847880163 33222.26806640625 210.73486328125 8664.284032156129 513
90 11.4 33054.77412066543 2941.7825448757726 40869.22900390625 210.73486328125 11323.376687702379 608
100 11.8 40925.89066637977 2932.293413468635 48857.31201171875 210.73486328125 14754.649966591283 722
110 11.6 48938.49199176658 3595.708517638159 59349.501953125 210.73486328125 18431.086160133 840
120 11.8 58254.534783832096 3755.417503034965 72327.30004882813 210.73486328125 22132.821595770547 956
130 11.6 67056.36726747712 3246.178493251275 73845.97998046875 210.73486328125 26101.501443248446 1074
140 5.3 75326.50263026978 2761.4973262363696 82169.19384765625 210.73486328125 30093.740464769897 1190
141 0 0 0 82169.19384765625 210.73486328125 32022.41013071639 1243
