0 0.3 46.578694661458336 63.693252980393375 136.654052734375 1.280029296875 0 0
10 1.3 1.2941143329326923 0.14418061435851873 136.654052734375 1.0908203125 46.578694661458336 3
20 0.9 1.2271864149305556 0.10304965411046416 136.654052734375 1.076171875 9.78497314453125 16
30 1.8 1.2371012369791667 0.12181307667708331 136.654052734375 0.994873046875 6.704169921875 25
40 2.3 1.2772163722826086 0.19692039242306625 136.654052734375 0.983154296875 4.415629542151163 43
50 7.5 1.3535709635416666 0.5397313422973005 136.654052734375 0.862060546875 3.3219401041666665 66
60 2.3 2.5807787024456523 4.4791382090078935 136.654052734375 0.85986328125 2.2749352421320923 141
70 0 0 0 136.654052734375 0.85986328125 2.317827922541921 164
80 0 0 0 136.654052734375 0.85986328125 2.317827922541921 164
88 0 0 0 136.654052734375 0.85986328125 2.317827922541921 164
