0 0.1 6.819910734709728 0 6.819910734709728 6.819910734709728 0 0
10 0.1 2.0710059171597637 0.0 6.819910734709728 2.0710059171597637 6.819910734709728 1
20 0.1 1.3820335636722607 0.0 6.819910734709728 1.3820335636722607 4.445458325934746 2
30 0.1 1.2845849802371543 0.0 6.819910734709728 1.2845849802371543 3.4243167385139177 3
40 0.1 2.1653543307086616 0.0 6.819910734709728 1.2845849802371543 2.889383798944727 4
50 0.1 2.2682445759368837 0.0 6.819910734709728 1.2845849802371543 2.744577905297514 5
60 0.1 3.346456692913386 0.0 6.819910734709728 1.2845849802371543 2.6651890170707424 6
70 0.1 1.8774703557312251 0.0 6.819910734709728 1.2845849802371543 2.762512970762548 7
80 0.1 1.0880316518298714 0.0 6.819910734709728 1.0880316518298714 2.651882643883633 8
88 0.1 1.5794669299111548 0.0 6.819910734709728 1.0880316518298714 2.4781214225443264 9
