0 0.1 3066.2265625 0 3066.2265625 3066.2265625 0 0
10 0.1 3065.69140625 0.0 3066.2265625 3065.69140625 3066.2265625 1
20 0.1 3064.73046875 0.0 3066.2265625 3064.73046875 3065.958984375 2
30 0.1 3064.375 0.0 3066.2265625 3064.375 3065.5494791666665 3
40 0.1 3061.69140625 0.0 3066.2265625 3061.69140625 3065.255859375 4
50 0.1 3061.09375 0.0 3066.2265625 3061.09375 3064.54296875 5
60 0.1 3058.7890625 0.0 3066.2265625 3058.7890625 3063.9680989583335 6
70 0.1 3054.18359375 0.0 3066.2265625 3054.18359375 3063.2282366071427 7
80 0.1 3052.859375 0.0 3066.2265625 3052.859375 3062.09765625 8
88 0.1 3052.546875 0.0 3066.2265625 3052.546875 3061.0711805555557 9
