0 0.7 132.99741908482142 122.90079655082198 318.751953125 20.843994140625 0 0
10 2.4 373.50356038411456 673.7480861200047 2188.949951171875 10.455078125 132.99741908482142 7
20 3.5 408.48304966517856 527.8573683803079 2188.949951171875 10.147216796875 319.1957220262097 31
30 4.5 677.3389865451389 520.9680439589674 2188.949951171875 9.60888671875 366.5450624408144 66
40 5.5 394.48983487215907 374.15632034101867 2188.949951171875 9.60888671875 492.54259923986484 111
50 7.5 1974.8119433593754 1185.2462681100972 5061.007080078125 9.60888671875 460.05523755176955 166
60 8.1 5423.759406949265 1887.4777857276113 11171.56591796875 9.60888671875 931.4525526371241 241
70 3.2 12749.993713378906 2707.376489058522 17698.716064453125 9.60888671875 2061.504897976514 322
80 12.2 10425.040327228482 8214.3520471201 22472.64892578125 8.26708984375 3027.695977334922 354
88 1.6 49.21794128417969 12.627866136306398 22472.64892578125 8.26708984375 4923.65398297991 476
