0 0.9 103.41197374131944 113.35000873468692 300.3369140625 10.845947265625 0 0
10 3.3 353.20090553977275 522.4318625485251 1657.7490234375 8.788818359375 103.41197374131944 9
20 4.6 252.2420654296875 306.2651189412212 1657.7490234375 8.788818359375 299.6747058686756 42
30 6 507.978173828125 398.70845756763174 1657.7490234375 8.788818359375 274.88037109375 88
40 7.2 301.3232421875 332.1859430527104 1657.7490234375 8.286865234375 369.3794803103885 148
50 9.9 1698.7624141808712 924.13301007957 3303.85791015625 8.286865234375 347.10652965198864 220
60 11.2 4682.123365129743 926.3582500180506 7263.960205078125 8.286865234375 766.5859420919867 319
70 6.5 9761.38658728966 1439.9017585058477 12858.579833984375 8.286865234375 1784.0805856656032 431
80 14.4 6529.242006089957 5194.020477764974 15204.796875 8.26708984375 2829.4936705558525 496
88 1.6 49.21794128417969 12.627866136306398 15204.796875 8.26708984375 3661.9370460510263 640
