0 0.2 2461.1920166015625 854.7239990234375 3315.916015625 1606.468017578125 0 0
10 0.4 3897.122802734375 2508.9364981771537 7158.109130859375 1042.423095703125 2461.1920166015625 2
20 1.4 7264.480904715402 2961.484515114245 13634.844970703125 1042.423095703125 3418.479207356771 6
30 1.1 7040.957097833807 4585.845222573599 20257.0458984375 1042.423095703125 6110.680395507812 20
40 1.5 6934.89736328125 3301.512391580701 20257.0458984375 1042.423095703125 6440.7785802041335 31
50 1.3 9040.275127704326 3624.5928305018 20257.0458984375 1042.423095703125 6601.9042703379755 46
60 1 15347.675952148438 2432.689389300572 20257.0458984375 1042.423095703125 7139.1724253509 59
70 1.4 25414.2279750279 2720.508134002936 33393.73388671875 1042.423095703125 8328.810617640398 69
80 6.6 29784.977613044506 2663.2804860039178 37954.27099609375 1042.423095703125 11210.688244187688 83
88 1.5 31754.559830729166 2336.099720656172 37954.27099609375 1042.423095703125 19438.225816969905 149
