0 0.2 14.6929931640625 3.7120361328125 18.405029296875 10.98095703125 0 0
10 0.7 292.18460518973217 362.535505072309 969.666015625 8.89892578125 14.6929931640625 2
20 1.3 192.422119140625 232.34968750609147 969.666015625 8.89892578125 230.51980251736111 9
30 1.5 275.52527669270836 189.4500176103599 969.666015625 8.89892578125 208.0075350674716 22
40 1.7 71.29855526194854 147.97313634058955 969.666015625 8.385986328125 235.3795924831081 37
50 1.7 1574.3579245174633 948.8480905766631 2836.364013671875 8.385986328125 183.724451135706 54
60 1.9 4767.4481393914475 1019.8080180404176 6960.324951171875 8.385986328125 516.6930292693662 71
70 1.7 9330.185747931984 1295.3826972334912 12212.10791015625 8.385986328125 1414.0746636284723 90
80 5.7 7426.799324972588 3963.376016100203 15205.0009765625 8.385986328125 2671.7745555271613 107
88 0 0 0 15205.0009765625 8.385986328125 4324.435603444169 164
