0 0.2 48.802978515625 6.9140625 55.717041015625 41.888916015625 0 0
10 0.4 445.36688232421875 700.1955880423367 1658.14111328125 40.64013671875 48.802978515625 2
20 1.3 150.367919921875 242.01640914496463 1658.14111328125 39.197021484375 313.1789143880208 6
30 1.2 696.5667317708334 532.374004174349 1658.14111328125 39.053955078125 201.7819181743421 19
40 1.5 292.28416341145834 339.15151222611235 1658.14111328125 35.89892578125 393.3115234375 31
50 1.3 1819.6956317608174 1134.2184520632168 3304.006103515625 35.89892578125 360.36781908118206 46
60 0.9 5379.563042534723 898.7446615864197 7264.06494140625 35.89892578125 681.9146252648305 59
70 1.5 10517.214371744793 1647.5792442531238 12625.91796875 35.89892578125 1303.6622099034926 68
80 6.5 3684.064535757213 4883.20177690251 15054.251953125 8.343994140625 2968.761998188065 83
88 1.6 49.338134765625 12.6299662376745 15054.251953125 8.343994140625 3282.915139688029 148
