0 0.2 300.344970703125 0.14794921875 300.492919921875 300.197021484375 0 0
10 0.9 848.6417643229166 513.0963572228671 1522.974853515625 300.197021484375 300.344970703125 2
20 1.1 590.5039950284091 279.8980670563252 1522.974853515625 300.197021484375 748.9514382102273 11
30 1.5 840.5972981770833 250.8797375429822 1522.974853515625 300.197021484375 669.7277166193181 22
40 1.7 643.3711081112133 283.8183255320312 1522.974853515625 300.197021484375 738.9991686021959 37
50 2.4 1777.2819519042969 833.5799262915901 3071.89501953125 300.197021484375 708.8940384476273 54
60 3.1 4888.007702242943 1018.5758405740128 6981.901123046875 300.197021484375 1037.6287810496794 78
70 3.3 9640.287590258049 1271.1235190328634 12859.056884765625 300.197021484375 2132.690676067947 109
80 2.2 12610.79208096591 1562.3170284069688 15119.73193359375 300.197021484375 3877.4139026050834 142
88 0 0 0 15119.73193359375 300.197021484375 5048.964633848609 164
