0 1.2 327.2729085286458 297.3592657779009 853.001953125 12.657958984375 0 0
10 2.5 254.883759765625 273.3369540401489 1079.130859375 11.914794921875 327.2729085286458 12
20 5 450.6161376953125 312.37188988566993 1377.81298828125 10.866943359375 278.36132152660474 37
30 8.9 1629.9633761630969 619.2281537824433 2995.630126953125 10.866943359375 377.3583423132184 87
40 7.1 5912.533216879401 844.7605215475419 7511.173095703125 10.866943359375 1010.7779332941228 176
50 14.1 7531.977073290669 660.4551857427391 9721.748779296875 10.866943359375 2419.7845127862474 247
60 7.1 12592.821767027948 1850.3371671112016 16619.703857421875 10.866943359375 4277.565829876772 388
70 4.6 20295.716860563854 1703.6942054981403 22887.751953125 10.866943359375 5563.8036763642085 459
80 4.5 25792.14217664931 1859.9999861791518 29251.927001953125 10.866943359375 6905.720520865563 505
90 4.6 28905.98169476053 2045.8875984356725 32425.924072265625 10.866943359375 8450.973201793324 550
94 0 0 0 32425.924072265625 10.866943359375 10029.715468029048 596
