0 1 18.47861328125 51.013160177650015 171.515869140625 1.030029296875 0 0
10 1.2 1.4091796875 0.3296254079963513 171.515869140625 0.971923828125 18.47861328125 10
20 0.8 1.51641845703125 0.3734396369825055 171.515869140625 0.971923828125 9.168013139204545 22
30 1.8 1.4810791015625 0.3203794026997778 171.515869140625 0.971923828125 7.127587890625 30
40 2.8 1.7689557756696428 1.1177498533251076 171.515869140625 0.971923828125 5.0101470947265625 48
50 7.6 1.5658505088404604 0.9894500453674311 171.515869140625 0.852783203125 3.816023977179276 76
60 0.7 3.0078125 3.2755101246542457 171.515869140625 0.808837890625 2.6909372430098686 152
70 0 0 0 171.515869140625 0.808837890625 2.7048877260220126 159
80 0 0 0 171.515869140625 0.808837890625 2.7048877260220126 159
90 0 0 0 171.515869140625 0.808837890625 2.7048877260220126 159
100 0 0 0 171.515869140625 0.808837890625 2.7048877260220126 159
106 0 0 0 171.515869140625 0.808837890625 2.7048877260220126 159
