0 0.1 3.1208419563744014 0 3.1208419563744014 3.1208419563744014 0 0
10 0.1 2.857142857142857 0.0 3.1208419563744014 2.857142857142857 3.1208419563744014 1
20 0.1 2.4801587301587302 0.0 3.1208419563744014 2.4801587301587302 2.988992406758629 2
30 0.1 2.171767028627838 0.0 3.1208419563744014 2.171767028627838 2.8193811812253293 3
40 0.1 3.353057199211045 0.0 3.353057199211045 2.171767028627838 2.657477643075956 4
50 0.1 4.24901185770751 0.0 4.24901185770751 2.171767028627838 2.796593554302974 5
60 0.1 5.3097345132743365 0.0 5.3097345132743365 2.171767028627838 3.038663271537063 6
70 0.1 4.24901185770751 0.0 5.3097345132743365 2.171767028627838 3.3631020203566737 7
80 0.1 4.3478260869565215 0.0 5.3097345132743365 2.171767028627838 3.473840750025528 8
90 0.1 3.648915187376726 0.0 5.3097345132743365 2.171767028627838 3.5709502319067497 9
100 0.1 4.047384007897334 0.0 5.3097345132743365 2.171767028627838 3.578746727453747 10
106 0.1 4.621435594886923 0.0 5.3097345132743365 2.171767028627838 3.621350116584982 11
