0 0.1 3065.8984375 0 3065.8984375 3065.8984375 0 0
10 0.1 3061.9765625 0.0 3065.8984375 3061.9765625 3065.8984375 1
20 0.1 3061.984375 0.0 3065.8984375 3061.9765625 3063.9375 2
30 0.1 3061.1484375 0.0 3065.8984375 3061.1484375 3063.2864583333335 3
40 0.1 3060.89453125 0.0 3065.8984375 3060.89453125 3062.751953125 4
50 0.1 3056.3359375 0.0 3065.8984375 3056.3359375 3062.38046875 5
60 0.1 3044.55859375 0.0 3065.8984375 3044.55859375 3061.373046875 6
70 0.1 3033.6640625 0.0 3065.8984375 3033.6640625 3058.9709821428573 7
80 0.1 3026.6796875 0.0 3065.8984375 3026.6796875 3055.8076171875 8
90 0.1 3024.62109375 0.0 3065.8984375 3024.62109375 3052.5711805555557 9
100 0.1 3023.78515625 0.0 3065.8984375 3023.78515625 3049.776171875 10
106 0.1 3023.66796875 0.0 3065.8984375 3023.66796875 3047.4133522727275 11
