0 0.1 0.421875 0 0.421875 0.421875 0 0
10 0.1 0.359375 0.0 0.421875 0.359375 0.421875 1
20 0.1 0.30078125 0.0 0.421875 0.30078125 0.390625 2
30 0.1 0.26171875 0.0 0.421875 0.26171875 0.3606770833333333 3
40 0.1 0.21875 0.0 0.421875 0.21875 0.3359375 4
50 0.1 0.1796875 0.0 0.421875 0.1796875 0.3125 5
60 0.1 0.1484375 0.0 0.421875 0.1484375 0.2903645833333333 6
70 0.1 0.12890625 0.0 0.421875 0.12890625 0.2700892857142857 7
80 0.1 0.109375 0.0 0.421875 0.109375 0.25244140625 8
90 0.1 0.08984375 0.0 0.421875 0.08984375 0.2365451388888889 9
100 0.1 0.078125 0.0 0.421875 0.078125 0.221875 10
106 0.1 0.1484375 0.0 0.421875 0.078125 0.20880681818181818 11
