0 8.4 59.75411841982887 72.3751918704726 349.065185546875 12.032958984375 0 0
10 32.1 67.37356938157122 72.96828623393722 512.14306640625 12.032958984375 59.75411841982887 84
20 17.1 57.85003769188597 65.08479658971224 512.14306640625 11.79296875 65.79323881172836 405
30 33.1 65.9077458223187 61.46762240750022 512.14306640625 11.487060546875 63.43510097927515 576
40 47.5 170.58652549342108 152.60662485173052 1012.028076171875 11.487060546875 64.33746640711132 907
50 32.5 969.7909765625 714.8223151970079 3381.2080078125 11.487060546875 100.85577542736975 1382
60 41.4 2040.3727142776263 1259.513361036515 6279.739990234375 11.487060546875 266.2945219820958 1707
70 54.4 1801.3499796250287 606.787510026053 6279.739990234375 11.487060546875 612.5785255701909 2121
80 48.4 1862.9035876565729 937.1084229804787 6279.739990234375 11.487060546875 855.2395653472385 2665
90 46.5 1878.4302267095095 1180.5177454337243 6279.739990234375 11.487060546875 1010.1171095827792 3149
100 51.8 1529.4062495286857 539.994814693185 6279.739990234375 11.487060546875 1121.8397436347798 3614
106 32 601.6533584594725 302.15138296714457 6279.739990234375 11.487060546875 1172.9335117986334 4132
