0 10.1 49.68296768641708 64.96953580010687 340.93701171875 9.739013671875 0 0
10 35.5 60.9137186399648 64.25408787696269 451.567138671875 9.739013671875 49.68296768641708 101
20 19.2 51.514923095703125 61.40155312156205 491.403076171875 9.739013671875 58.42620581911322 456
30 36.7 59.43639371700447 55.88659999431488 491.403076171875 9.739013671875 56.37841834551023 648
40 53.7 150.88249789047956 132.27803550169685 837.910888671875 9.739013671875 57.484109933035725 1015
50 40.5 845.5754985291281 535.7231205309316 2381.027099609375 9.739013671875 89.80043360130075 1552
60 51.8 1606.6750747503922 759.8228744071891 3515.4208984375 9.739013671875 246.20763916888893 1957
70 58.7 1660.1599295776996 437.03790982457815 3515.4208984375 9.739013671875 530.9438539693813 2475
80 52.8 1703.4812709923945 810.9139349765748 3515.4208984375 9.739013671875 747.4199599073573 3062
90 49.3 1764.6454053031503 1015.4248201819962 3793.333984375 9.739013671875 888.0328769694464 3590
100 52.6 1499.0883589479852 488.20871584704446 3793.333984375 9.739013671875 993.8790627320024 4083
106 32 601.6533584594725 302.15138296714457 3793.333984375 9.739013671875 1051.535840733653 4609
