0 0.1 7806.673828125 0 7806.673828125 7806.673828125 0 0
10 1.1 9121.718927556818 2844.6547285195497 14942.778076171875 4892.27880859375 7806.673828125 1
20 0.5 10994.331982421874 6993.912880782284 24552.661865234375 4873.373046875 9012.1318359375 12
30 1.2 12025.196472167969 6131.930784408284 25712.10400390625 4059.490966796875 9595.131879021139 17
40 1.3 10056.59192833534 3696.056526769767 25712.10400390625 4059.490966796875 10600.675848599138 29
50 0.3 17138.423665364582 2329.715112563551 25712.10400390625 4059.490966796875 10432.26892089844 42
60 0.6 26455.762329101563 3805.9004771854547 34127.005859375 4059.490966796875 10879.345903862848 45
70 0.3 34994.83439127604 4687.401102507505 39443.568115234375 4059.490966796875 12711.865483302696 51
80 0.4 40781.93493652344 5396.750064500991 50113.653076171875 4059.490966796875 13949.808200412326 54
90 0.8 47470.369079589844 4586.0932079492995 53886.726806640625 4059.490966796875 15800.299699454472 58
100 3.8 53250.66342002467 4072.889728074746 62989.928955078125 4059.490966796875 19639.09598795573 66
106 5.5 57585.0694868608 3374.0187324015546 68073.30688476563 4059.490966796875 31920.245626596305 104
