0 0.4 29.1636962890625 5.409195975179095 37.987060546875 24.576904296875 0 0
10 1.2 51.554707845052086 51.28629582363993 216.383056640625 24.337158203125 29.1636962890625 4
20 0.7 32.63490513392857 10.398313292401701 216.383056640625 24.304931640625 45.95695495605469 16
30 1.1 65.4208096590909 62.46734801642909 216.383056640625 22.06201171875 41.90241805366848 23
40 2.2 137.6357754794034 157.4522757612109 771.700927734375 22.06201171875 49.5113094554228 34
50 1.2 697.0435994466146 373.5442469193684 1577.2880859375 22.06201171875 84.13163539341518 56
60 4.8 1525.5276387532551 763.0370319487965 3106.661865234375 22.06201171875 192.2925702263327 68
70 3.8 1596.7790334601152 403.86313150784787 3106.661865234375 22.06201171875 743.9760468581627 116
80 0.5 1788.16162109375 673.908747485579 3106.661865234375 22.06201171875 954.4079526430601 154
90 0 0 0 3106.661865234375 22.06201171875 980.6266214622641 159
100 0 0 0 3106.661865234375 22.06201171875 980.6266214622641 159
106 0 0 0 3106.661865234375 22.06201171875 980.6266214622641 159
