0 0.1 19.18994140625 0 19.18994140625 19.18994140625 0 0
10 1.1 30.528586647727273 12.706949559995753 63.177978515625 19.18994140625 19.18994140625 1
20 0.5 29.0091796875 9.955054789353582 63.177978515625 19.18994140625 29.583699544270832 12
30 1.2 23.892171223958332 6.171550409282841 63.177978515625 18.509033203125 29.414723115808822 17
40 1.1 132.8142977627841 66.50877576270571 230.53515625 18.509033203125 27.12952922952586 29
50 0.5 676.4658203125 530.5136605098949 1613.739990234375 18.509033203125 56.192840576171875 40
60 0.6 959.4046630859375 283.26972420903377 1613.739990234375 18.509033203125 125.112060546875 45
70 0.3 1864.0613606770833 534.9462790257165 2507.27392578125 18.509033203125 223.26413143382354 51
80 0.4 1803.2199096679688 785.4984402518403 2733.552001953125 18.509033203125 314.4195330584491 54
90 0.8 1084.5870056152344 732.1511324812803 2977.43603515625 18.509033203125 417.09542110048494 58
100 3.6 1358.441697862413 480.05595480813275 2977.43603515625 18.509033203125 498.00349195075756 66
106 5.7 416.6887035704496 288.6969591520077 2977.43603515625 18.509033203125 801.6875646254596 102
