0 0.4 36.2972412109375 5.7271470777228135 45.489990234375 30.6708984375 0 0
10 1.2 59.258951822916664 56.06450472590163 242.56787109375 29.94287109375 36.2972412109375 4
20 0.7 40.289306640625 7.889422405708914 242.56787109375 29.94287109375 53.518524169921875 16
30 1.1 45.46391157670455 9.318477066367748 242.56787109375 29.94287109375 49.492240574048914 23
40 2.2 126.9669522372159 61.883151864379585 271.174072265625 29.94287109375 48.188957663143384 34
50 1.6 743.7528381347656 421.1382593563133 1653.76611328125 29.94287109375 79.13745553152901 56
60 5.6 1601.218710763114 749.4888483329236 3423.10498046875 29.94287109375 226.82976277669272 72
70 2.8 1700.5874285016741 366.0506660325625 3423.10498046875 29.94287109375 828.124927520752 128
80 0.3 1905.4139811197917 505.962425295298 3423.10498046875 29.94287109375 984.7207610301482 156
90 0 0 0 3423.10498046875 29.94287109375 1002.0923312205189 159
100 0 0 0 3423.10498046875 29.94287109375 1002.0923312205189 159
106 0 0 0 3423.10498046875 29.94287109375 1002.0923312205189 159
