0 0.4 52.92462158203125 3.3992526353853694 58.711181640625 50.10400390625 0 0
10 1.2 135.17948404947916 116.69181860689079 451.671875 50.10400390625 52.92462158203125 4
20 0.7 57.14501953125 12.21325446558156 451.671875 48.510986328125 114.61576843261719 16
30 1.1 71.39182350852273 28.578614982079202 451.671875 48.005126953125 97.12467094089673 23
40 2.2 248.1562167080966 173.68810047917788 771.9111328125 48.005126953125 88.79933794806985 34
50 2.4 1242.6171061197917 615.8096327426599 2381.134033203125 48.005126953125 151.40382603236608 56
60 5.9 1662.1201875331037 769.4755167312543 3515.56201171875 48.005126953125 478.76781005859374 80
70 1.9 1666.5462196751644 401.4678956462904 3515.56201171875 48.005126953125 981.0540710010117 139
80 0.1 2515.2470703125 0.0 3515.56201171875 48.005126953125 1063.48667115803 158
90 0 0 0 3515.56201171875 48.005126953125 1072.6172397061714 159
100 0 0 0 3515.56201171875 48.005126953125 1072.6172397061714 159
106 0 0 0 3515.56201171875 48.005126953125 1072.6172397061714 159
