0 0.4 407.84197998046875 120.12202424266783 609.2939453125 306.400146484375 0 0
10 1.2 463.7051595052083 193.01825683326027 881.579833984375 298.31396484375 407.84197998046875 4
20 0.7 466.5366908482143 217.94044475798893 952.714111328125 298.31396484375 449.73936462402344 16
30 1.1 550.3565562855114 172.97340523821387 952.714111328125 298.31396484375 454.8515943444294 23
40 1.6 1321.6312408447266 568.9551955772321 2560.27294921875 298.31396484375 485.75025850183823 34
50 0.8 3345.2161254882813 1640.6418025584455 6190.385986328125 298.31396484375 753.2321728515625 50
60 0.4 11868.196655273438 599.4547652594251 12811.7978515625 298.31396484375 1110.7472008014547 58
70 2.1 14493.50206938244 2054.137697332527 19132.97314453125 298.31396484375 1804.7761978641634 62
80 4.7 16128.141248337766 1961.3284105387525 20592.5849609375 298.31396484375 5015.1767195736065 83
90 2.2 19681.50009987571 3323.1973677573465 24690.298095703125 298.31396484375 9032.940818434496 130
100 0.7 21366.858747209822 2063.2964535314954 24690.298095703125 298.31396484375 10574.179661800987 152
106 0 0 0 24690.298095703125 298.31396484375 11049.32905549823 159
