0 0.9 202.08859592013889 70.44820510933103 333.935791015625 161.01904296875 0 0
10 1 219.0812744140625 81.8376758232729 378.47998046875 160.94580078125 202.08859592013889 9
20 0.7 163.19220842633928 3.03938475748902 378.47998046875 160.279052734375 211.03211091694078 19
30 1.4 200.00875418526786 50.92590765697447 378.47998046875 160.279052734375 198.15213716947116 26
40 2.4 337.72319539388025 168.00567071682218 811.118896484375 160.279052734375 198.801953125 40
50 4.8 1149.3153584798179 483.29213709611787 2038.242919921875 160.279052734375 250.89741897583008 64
60 4.2 2002.2553129650298 804.608582154987 3380.245849609375 160.279052734375 635.9336787632534 112
70 0.5 1623.06337890625 318.8886668505593 3380.245849609375 160.279052734375 1008.5668517273742 154
80 0 0 0 3380.245849609375 160.279052734375 1027.890641890232 159
90 0 0 0 3380.245849609375 160.279052734375 1027.890641890232 159
100 0 0 0 3380.245849609375 160.279052734375 1027.890641890232 159
106 0 0 0 3380.245849609375 160.279052734375 1027.890641890232 159
