0 0.1 169.363037109375 0 169.363037109375 169.363037109375 0 0
10 1.1 197.98930220170453 60.0364365349211 375.363037109375 161.755859375 169.363037109375 1
20 0.5 231.763818359375 60.24242132997107 375.363037109375 161.755859375 195.6037801106771 12
30 1.2 190.5234171549479 46.82927139747703 375.363037109375 160.69189453125 206.2390854779412 17
40 1.4 228.33074079241072 51.05723394605097 375.363037109375 160.69189453125 199.73605030980605 29
50 1.1 1076.1811745383523 544.7973502375033 1868.322998046875 160.69189453125 209.0459495367006 43
60 0.4 3042.0509643554688 135.67340337517533 3185.010009765625 160.69189453125 385.68460648148147 54
70 1 1840.880615234375 414.3413813718438 3185.010009765625 160.69189453125 568.8822863348599 58
80 2.6 1707.8908128004807 763.6466981817208 3185.010009765625 160.69189453125 755.9408641142004 68
90 3.5 1744.3268763950894 1126.4457495558288 3593.02490234375 160.69189453125 1019.24616906998 94
100 3 1619.4307210286458 483.2654500009941 3593.02490234375 160.69189453125 1215.9734927628392 129
106 0 0 0 3593.02490234375 160.69189453125 1292.0974980960102 159
