0 0.1 342.464111328125 0 342.464111328125 342.464111328125 0 0
10 1.1 627.6601340553977 178.6953122817781 942.440185546875 342.464111328125 342.464111328125 1
20 0.5 555.470849609375 135.71831549673072 942.440185546875 295.63818359375 603.893798828125 12
30 1.2 563.1121622721354 228.9538710376088 1018.390869140625 295.63818359375 589.6517549402573 17
40 1.2 1501.9090983072917 556.5881731706321 2669.705078125 295.63818359375 578.6698545258621 29
50 0.5 4618.7673828125 2593.9291291427776 9151.919921875 295.63818359375 848.8862185594512 41
60 0.6 11194.528076171875 2280.1414586275964 15559.204833984375 295.63818359375 1258.655910326087 46
70 0.4 16487.137268066406 1544.570144877483 18732.692138671875 295.63818359375 2405.1026986929087 52
80 0.3 17658.189615885418 3071.730277353516 20868.421142578125 295.63818359375 3410.9623107910156 56
90 0.9 17644.838433159723 3495.751925688327 22768.47900390625 295.63818359375 4135.397597490731 59
100 4.6 16317.076166567595 3511.2083644072413 23380.48291015625 295.63818359375 5923.411825741038 68
106 4.5 11338.043712022572 3690.9980056860345 23380.48291015625 295.63818359375 10117.346559758771 114
