0 0.1 16.8427734375 0 16.8427734375 16.8427734375 0 0
10 1.1 29.395374644886363 11.669961990218377 55.653076171875 16.8427734375 16.8427734375 1
20 0.5 28.77880859375 10.876156914219163 55.653076171875 16.8427734375 28.349324544270832 12
30 1.2 23.989603678385418 10.599201778889459 55.653076171875 16.8427734375 28.475643382352942 17
40 1.1 176.5294522372159 198.01630140110578 756.661865234375 16.8427734375 26.619351091056036 29
50 0.5 481.51357421875 405.65860678434626 1177.8369140625 16.8427734375 67.84462890625 40
60 0.6 1289.5652669270833 586.5748146486942 2595.160888671875 16.8427734375 113.80784505208334 45
70 0.4 1319.572509765625 238.85202283786506 2595.160888671875 16.8427734375 252.13224762561273 51
80 0.4 1720.6270141601563 703.8073592243692 2595.160888671875 16.8427734375 329.7642666903409 55
90 0.9 1143.4571126302083 691.6561304849884 2595.160888671875 16.8427734375 424.0600461798199 59
100 3.9 1245.4123910757207 462.1459073761361 2595.160888671875 16.8427734375 519.2743637982537 68
106 5.2 482.02368633563697 280.27251837496414 2595.160888671875 16.8427734375 783.9414952358352 107
