0 0.6 24.9473876953125 52.103778990783844 141.449951171875 1.031982421875 0 0
10 0.6 1.4900309244791667 0.20133256718429784 141.449951171875 1.031982421875 24.9473876953125 6
20 1.5 1.8282552083333334 1.077821446929082 141.449951171875 1.031982421875 13.218709309895834 12
30 1.9 1.442408511513158 0.34423744188217886 141.449951171875 0.85693359375 6.890679253472222 27
40 2.9 1.543212890625 0.4293452463370608 141.449951171875 0.85693359375 4.6403065557065215 46
50 6.6 16.92648407907197 121.77471290333841 998.69189453125 0.85595703125 3.442763671875 75
60 2.8 3.4846714564732144 10.60949231821826 998.69189453125 0.76904296875 9.754292373116135 141
70 0 0 0 998.69189453125 0.76904296875 8.715538611778847 169
80 0 0 0 998.69189453125 0.76904296875 8.715538611778847 169
90 0 0 0 998.69189453125 0.76904296875 8.715538611778847 169
100 0 0 0 998.69189453125 0.76904296875 8.715538611778847 169
110 0 0 0 998.69189453125 0.76904296875 8.715538611778847 169
114 0 0 0 998.69189453125 0.76904296875 8.715538611778847 169
