0 0.1 3.567490792299441 0 3.567490792299441 3.567490792299441 0 0
10 0.1 2.1653543307086616 0.0 3.567490792299441 2.1653543307086616 3.567490792299441 1
20 0.1 1.1892963330029733 0.0 3.567490792299441 1.1892963330029733 2.8664225615040513 2
30 0.1 1.7786561264822136 0.0 3.567490792299441 1.1892963330029733 2.3073804853370254 3
40 0.1 2.1760633036597428 0.0 3.567490792299441 1.1892963330029733 2.175199395623322 4
50 0.1 2.566633761105627 0.0 3.567490792299441 1.1892963330029733 2.1753721772306065 5
60 0.1 4.500978473581213 0.0 4.500978473581213 1.1892963330029733 2.2405824412097766 6
70 0.1 2.7586206896551726 0.0 4.500978473581213 1.1892963330029733 2.563496160119982 7
80 0.1 2.3692003948667324 0.0 4.500978473581213 1.1892963330029733 2.587886726311881 8
90 0.1 2.4582104228121926 0.0 4.500978473581213 1.1892963330029733 2.5635882450401977 9
100 0.1 1.9782393669634024 0.0 4.500978473581213 1.1892963330029733 2.553050462817397 10
110 0.1 1.3875123885034688 0.0 4.500978473581213 1.1892963330029733 2.5007949086488526 11
114 0.1 0.9871668311944718 0.0 4.500978473581213 0.9871668311944718 2.408021365303404 12
