0 0.1 3064.7578125 0 3064.7578125 3064.7578125 0 0
10 0.1 3063.79296875 0.0 3064.7578125 3063.79296875 3064.7578125 1
20 0.1 3062.3515625 0.0 3064.7578125 3062.3515625 3064.275390625 2
30 0.1 3060.66796875 0.0 3064.7578125 3060.66796875 3063.6341145833335 3
40 0.1 3058.7421875 0.0 3064.7578125 3058.7421875 3062.892578125 4
50 0.1 3056.33203125 0.0 3064.7578125 3056.33203125 3062.0625 5
60 0.1 3048.23046875 0.0 3064.7578125 3048.23046875 3061.107421875 6
70 0.1 3041.91796875 0.0 3064.7578125 3041.91796875 3059.2678571428573 7
80 0.1 3038.171875 0.0 3064.7578125 3038.171875 3057.09912109375 8
90 0.1 3036.48828125 0.0 3064.7578125 3036.48828125 3054.99609375 9
100 0.1 3033.8359375 0.0 3064.7578125 3033.8359375 3053.1453125 10
110 0.1 3037.92578125 0.0 3064.7578125 3033.8359375 3051.3899147727275 11
114 0.1 3044.11328125 0.0 3064.7578125 3033.8359375 3050.2679036458335 12
