0 0.1 0.078125 0 0.078125 0.078125 0 0
10 0.1 0.0703125 0.0 0.078125 0.0703125 0.078125 1
20 0.1 0.05859375 0.0 0.078125 0.05859375 0.07421875 2
30 0.1 0.12890625 0.0 0.12890625 0.05859375 0.06901041666666667 3
40 0.1 0.109375 0.0 0.12890625 0.05859375 0.083984375 4
50 0.1 0.08984375 0.0 0.12890625 0.05859375 0.0890625 5
60 0.1 0.078125 0.0 0.12890625 0.05859375 0.08919270833333333 6
70 0.1 0.140625 0.0 0.140625 0.05859375 0.08761160714285714 7
80 0.1 0.12109375 0.0 0.140625 0.05859375 0.09423828125 8
90 0.1 0.1015625 0.0 0.140625 0.05859375 0.09722222222222222 9
100 0.1 0.08984375 0.0 0.140625 0.05859375 0.09765625 10
110 0.1 0.0703125 0.0 0.140625 0.05859375 0.09694602272727272 11
114 0.1 0.05859375 0.0 0.140625 0.05859375 0.0947265625 12
