0 1.4 154.22799246651786 140.40844407601188 354.222900390625 11.850830078125 0 0
10 3.2 245.94304656982422 240.59465617885036 941.552978515625 11.850830078125 154.22799246651786 14
20 5.4 214.05104347511573 194.25188699732382 941.552978515625 10.329833984375 218.0297692340353 46
30 9.4 348.7553477185838 306.6475490754269 1259.849853515625 10.329833984375 215.88125732421875 100
40 10.6 445.5385120319871 461.86537740712964 2721.48193359375 9.046875 280.26354854623065 194
50 12 2031.0138224283849 1291.637083808964 5740.004150390625 9.046875 338.6607023111979 300
60 10.6 4176.712858380011 2300.8753951539225 9315.75 9.046875 822.1901652018228 420
70 12.3 9131.89973362868 3009.9202556124646 14839.713134765625 9.046875 1498.1966394924843 526
80 11.6 6881.6419677734375 2346.9327458040484 15659.643798828125 9.046875 2944.9539285198375 649
90 12.2 6710.297849561347 2382.0103898871603 15659.643798828125 9.046875 3541.8896312040433 765
100 11.9 2908.813667361476 2643.6123918139538 15659.643798828125 9.046875 3977.6797130976074 887
110 0.8 220.5899658203125 532.1554907019753 15659.643798828125 9.046875 3851.2432722997946 1006
114 0 0 0 15659.643798828125 9.046875 3822.5990647536055 1014
