0 2.3 96.03837253736413 122.34908329475209 340.52294921875 8.927978515625 0 0
10 6.5 120.25922475961538 190.21542509477268 900.39794921875 7.52099609375 96.03837253736413 23
20 9.4 122.92857068650265 167.9386891160643 900.39794921875 7.52099609375 113.92877474698153 88
30 16.9 194.17034659301044 238.23179429275 1219.57080078125 7.52099609375 118.57702100145947 182
40 18.9 250.4838634672619 348.83284263567066 2695.93798828125 7.52099609375 154.97380739739143 351
50 23.1 1264.9700763917076 822.8307050691345 5052.64501953125 7.52099609375 188.4023270218461 540
60 19.5 3193.812163211138 1567.9525205400969 8157.10302734375 7.52099609375 510.95375387585125 771
70 28 3905.8271388462626 2103.0508079520837 8326.181884765625 7.52099609375 1052.5245507913594 966
80 25.2 3145.0513964456227 943.3640009572479 8326.181884765625 7.52099609375 1693.716143612686 1246
90 19.8 3574.14215396149 976.0938982667107 8326.181884765625 7.52099609375 1937.8659992294417 1498
100 15.5 1701.05621219758 1340.7029930190065 8326.181884765625 7.52099609375 2128.8935220106596 1696
110 0.8 220.5899658203125 532.1554907019753 8326.181884765625 7.52099609375 2093.067059006323 1851
114 0 0 0 8326.181884765625 7.52099609375 2085.009061832849 1859
