0 0.1 7902.833984375 0 7902.833984375 7902.833984375 0 0
10 0.1 10795.5029296875 0.0 10795.5029296875 7902.833984375 7902.833984375 1
20 0.7 13276.391985212054 6418.215199690222 25608.362060546875 4392.806884765625 9349.16845703125 2
30 1.6 12932.253509521484 5340.25180499567 28701.94287109375 4392.806884765625 12403.67564561632 9
40 1.2 13350.081909179688 5248.849188287305 28701.94287109375 4392.806884765625 12741.965478515625 25
50 0.4 16452.496948242188 3251.54329034905 28701.94287109375 4392.806884765625 12939.192429001267 37
60 0.7 24000.980887276786 5430.00343118692 31843.60009765625 4392.806884765625 13281.953845512577 41
70 1.3 31226.083589993992 3178.665621079998 38275.89111328125 4392.806884765625 14845.14528910319 48
80 1.3 37601.706956129805 4127.578048352322 45456.93896484375 4392.806884765625 18336.16492699795 61
90 2.8 42448.25653948103 3529.5697877323146 52409.56298828125 4392.806884765625 21720.652040223817 74
100 6 46174.87280273438 3278.4837428188334 59530.508056640625 4392.806884765625 27410.58268707874 102
110 0.7 51915.16277204241 3701.380952157063 59530.508056640625 4392.806884765625 34360.319766951194 162
114 0 0 0 59530.508056640625 4392.806884765625 35087.443441718286 169
