0 0.1 14.156005859375 0 14.156005859375 14.156005859375 0 0
10 0.4 94.53466796875 131.53895971644587 322.202880859375 13.179931640625 14.156005859375 1
20 0.6 22.8900146484375 8.47272399240945 322.202880859375 13.179931640625 78.458935546875 5
30 1.5 51.577587890625 73.12379248326886 322.202880859375 12.870849609375 48.14861505681818 11
40 1.6 33.68406677246094 15.746047089319678 322.202880859375 12.870849609375 50.12686861478365 26
50 1 1250.186279296875 584.8988202106734 2187.291015625 12.870849609375 43.86294410342262 42
60 0.8 2318.1043395996094 1318.3725567018992 5032.96484375 12.870849609375 275.8482008713942 52
70 1.6 3758.651611328125 2225.6268365732144 7541.593017578125 12.870849609375 548.1490193684896 60
80 2.9 2942.4335179822197 691.4868302526196 7541.593017578125 12.870849609375 1224.0443018863075 76
90 3.6 3091.2012600368926 548.7059419465346 7541.593017578125 12.870849609375 1698.6470377604167 105
100 2.8 1621.5485316685267 1023.9293325071179 7541.593017578125 12.870849609375 2054.192796639517 141
110 0 0 0 7541.593017578125 12.870849609375 1982.5120900171044 169
114 0 0 0 7541.593017578125 12.870849609375 1982.5120900171044 169
