0 0.2 47.2099609375 3.51708984375 50.72705078125 43.69287109375 0 0
10 0.8 48.88311767578125 6.62043492997635 59.510986328125 40.718994140625 47.2099609375 2
20 0.8 158.65252685546875 164.51291139000068 493.680908203125 40.01904296875 48.548486328125 10
30 1.5 220.79033203125 245.7221745428491 802.44091796875 36.041015625 97.48361545138889 18
40 1.5 244.55546875 326.93674576037586 1075.05419921875 36.041015625 153.5321229876894 33
50 2.7 1227.791214554398 533.6138694110542 2451.501953125 36.041015625 181.97691853841147 48
60 1.9 3645.207943564967 1113.5367229316048 6062.6640625 36.041015625 558.4700651041667 75
70 4.5 3697.2580403645834 1962.5768720593567 8326.317138671875 36.041015625 1182.3851681973072 94
80 2.8 3413.1794084821427 746.2540624274862 8326.317138671875 36.041015625 1996.5526447982238 139
90 0.2 3326.2769775390625 558.9888916015625 8326.317138671875 36.041015625 2234.0709045775634 167
100 0 0 0 8326.317138671875 36.041015625 2246.9964202339124 169
110 0 0 0 8326.317138671875 36.041015625 2246.9964202339124 169
114 0 0 0 8326.317138671875 36.041015625 2246.9964202339124 169
