0 0.1 25.13916015625 0 25.13916015625 25.13916015625 0 0
10 0.1 29.52099609375 0.0 29.52099609375 25.13916015625 25.13916015625 1
20 0.7 63.261404854910715 92.16004697269456 288.14599609375 16.592041015625 27.330078125 2
30 1.6 140.2599334716797 207.61358878175147 744.320068359375 14.156982421875 55.27666558159722 9
40 1.1 85.44411399147727 136.93768019868153 744.320068359375 14.156982421875 109.66595703125 25
50 0.5 903.394287109375 470.9574495128077 1726.3720703125 14.156982421875 102.26483832465277 36
60 0.7 2655.6622488839284 1326.8515130145802 4314.06201171875 14.156982421875 199.9635515910823 41
70 1.3 4423.681396484375 2248.548591624957 7840.866943359375 14.156982421875 558.0862782796224 48
80 1.2 3141.599853515625 696.7432134364734 7840.866943359375 14.156982421875 1381.9016313396517 61
90 2.9 3214.9823461072197 556.3875466616159 7840.866943359375 14.156982421875 1671.1670925192636 73
100 5.9 888.6824144266419 1002.9967552369211 7840.866943359375 14.032958984375 2110.094958735447 102
110 0.8 220.71160888671875 532.1594222467195 7840.866943359375 14.032958984375 1662.4965729328417 161
114 0 0 0 7840.866943359375 14.032958984375 1594.2463971200075 169
