0 0.1 307.39697265625 0 307.39697265625 307.39697265625 0 0
10 0.4 458.83160400390625 255.05674986574817 900.546142578125 307.39697265625 307.39697265625 1
20 0.6 405.50732421875 141.96661441416242 900.546142578125 299.8701171875 428.544677734375 5
30 1.5 482.654052734375 186.44501399394292 933.583984375 299.8701171875 415.97884854403407 11
40 1.6 590.5985565185547 298.2105493343846 1200.018798828125 299.8701171875 454.4453125 26
50 1.8 1410.3668891059028 549.2234049699215 2547.510986328125 299.8701171875 506.31321498325894 42
60 1 3215.898291015625 795.9757261839345 4352.205810546875 299.8701171875 777.5293172200521 60
70 1.8 3673.1031358506943 1721.7179285497748 7487.009765625 299.8701171875 1125.867742047991 70
80 4.1 3249.965320121951 765.7869109782225 7487.009765625 299.8701171875 1646.8931635076349 88
90 3.2 3461.65731048584 548.207332895367 7487.009765625 299.8701171875 2156.396717160247 129
100 0.8 2205.2693481445313 815.0312304220394 7487.009765625 299.8701171875 2415.8273940945264 161
110 0 0 0 7487.009765625 299.8701171875 2405.8601493158285 169
114 0 0 0 7487.009765625 299.8701171875 2405.8601493158285 169
