0 0.4 314.31304931640625 16.28279373001582 340.64599609375 298.198974609375 0 0
10 0.8 425.9894714355469 199.2332489489329 849.0390625 298.198974609375 314.31304931640625 4
20 1.2 404.0265706380208 120.89191241184392 849.0390625 298.198974609375 388.7639973958333 12
30 1.6 511.0001525878906 185.37723132187486 938.732177734375 298.198974609375 396.39528401692706 24
40 2 566.8357910156249 222.8275138425621 1040.1279296875 298.198974609375 442.2372314453125 40
50 3.4 1209.901805204504 671.7478067320337 2537.964111328125 298.198974609375 483.7700846354166 60
60 4 3792.581610107422 1573.037638313293 6746.376953125 298.198974609375 746.413472926363 94
70 3.3 5538.536103219697 2190.660940602804 8259.74609375 298.198974609375 1655.7173944729477 134
80 0.2 2621.61962890625 338.728515625 8259.74609375 298.198974609375 2422.980971650449 167
90 0 0 0 8259.74609375 298.198974609375 2425.3317249907545 169
100 0 0 0 8259.74609375 298.198974609375 2425.3317249907545 169
110 0 0 0 8259.74609375 298.198974609375 2425.3317249907545 169
114 0 0 0 8259.74609375 298.198974609375 2425.3317249907545 169
