0 0.1 180.510986328125 0 180.510986328125 180.510986328125 0 0
10 0.4 233.36126708984375 59.923430769610555 325.18505859375 161.9580078125 180.510986328125 1
20 0.6 183.12679036458334 42.12812532799498 325.18505859375 117.98681640625 222.7912109375 5
30 1.5 300.3219401041667 255.15374233789217 1219.706787109375 117.98681640625 201.1560724431818 11
40 1.3 607.9869290865385 710.6799147733657 2696.05810546875 117.98681640625 258.36714993990387 26
50 0.7 4014.3979840959823 702.0367990969812 5052.762939453125 117.98681640625 374.90707632211536 39
60 1.1 5352.538973721591 1345.5989515662145 8157.219970703125 117.98681640625 928.7426492442255 46
70 0.9 5209.195990668402 1784.9241981205707 8157.219970703125 117.98681640625 1782.457729406524 57
80 1.8 5014.36376953125 789.2103321860698 8157.219970703125 117.98681640625 2249.7402195785985 66
90 4.1 4873.275855087651 1059.0712847173736 8157.219970703125 117.98681640625 2842.1595517113096 84
100 4.4 2780.3899480646305 1349.3455307979943 8157.219970703125 117.98681640625 3508.365699218749 125
110 0 0 0 8157.219970703125 117.98681640625 3318.8335509892745 169
114 0 0 0 8157.219970703125 117.98681640625 3318.8335509892745 169
